
:ERASE


                       BT Tymnet Business Planning
                       ___________________________



Date:        92/02/18  10:06            PHONE: (408)922-7519
                                        FAX (408) 922-6232

To:          Larry Koehen        (LAR)

Copies:      David Nancarrow     (D.Nancarrow)

From:        Neil Sullivan       (NSullivan)

Reference:   920218.1

Subject:     Problem Sessions From Dialcom To OTC AUstralia

------------------------------------------------------------------------


Larry

This is a summary of the data on the sessions in questions followed by the 
actual session records.

I have asked David Nancarrow to check into
the matter with OTC Australia to see if they show the sessions as actual
sessions.

From your information about the reload, it appears that this may be an
accounting problem for MIS.

Let me know if you have any questions.

Neil Sullivan




THIS IS A SUMMARY OF ALL SESSIONS FROM HOST 1286 TO OTC AUSTRALIA

92/02/11  10:34            SUMMARY BY USERNAME AND ORIG NODE ORIG HOST
                                            AND
                                        CALLED DTE
OTC IS THE INPUT FILE
USERNAME      O.NODE O.HOST CALLED DTE              SESSIONS  KCHARA  HOURS  
X2501286        5226  1286   505320               517          167   5432.07
X2501286       11364  1286   505320               385          235  28379.10
X2501286        5226  1286   5301489000900         36           32       .03
X2501286        5226  1286   53014716001           11           28       .20
X2501286       11364  1286   5301489000900         13           31       .05
X2501286       11364  1286   53014716001            4            8       .00


THESE SESSIONS ARE THOSE WITH NO CHARACTERS AND THE VERY LONG CONNECT TIMES.
ALL BEGIN ON HOST 1286. ALL OF THESE SESSIONS HAVE NO INPUT OR OUTPUT CHARACTERS

92/02/18  09:15
OTC IS THE INPUT FILE
ORG     BEGINNING    ENDING    DTE
NODE   DATE  TIME  DATE  TIME CALLED          SESSIONS       HOURS
11364 920106  324 920131  837  1286 10505320      1          605.22
11364 920106  325 920131  837  1286 10505320      1          605.20
11364 920106  328 920131  819  1286 10505320      1          604.85
11364 920106  331 920131  819  1286 10505320      1          604.80
11364 920106  335 920131  818  1286 10505320      1          604.72
11364 920106  338 920131  818  1286 10505320      1          604.68
 5226 920106  341 920131  838  1286 10505320      1          604.95
11364 920106  345 920131  838  1286 10505320      1          604.88
11364 920106  348 920131  838  1286 10505320      1          604.83
11364 920106  351 920131  820  1286 10505320      1          604.48
11364 920106  354 920131  819  1286 10505320      1          604.42
11364 920106  355 920131  820  1286 10505320      1          604.42
11364 920106  401 920131  819  1286 10505320      1          604.32
11364 920106  402 920131  819  1286 10505320      2         1208.58
11364 920106  411 920131  819  1286 10505320      2         1208.27
11364 920106  415 920131  820  1286 10505320      1          604.08
11364 920106  418 920131  819  1286 10505320      1          604.03
11364 920106  421 920131  821  1286 10505320      1          604.00
11364 920106  425 920131  838  1286 10505320      1          604.22
 5226 920106  428 920131  820  1286 10505320      1          603.88
 5226 920106  431 920131  820  1286 10505320      1          603.83
11364 920106  435 920131  821  1286 10505320      1          603.77
11364 920106  438 920131  820  1286 10505320      2         1207.40
11364 920106  439 920131  820  1286 10505320      1          603.68
11364 920106  441 920131  820  1286 10505320      1          603.67
11364 920106  443 920131  820  1286 10505320      1          603.62
11364 920106  445 920131  822  1286 10505320      1          603.62
 5226 920106  448 920131  822  1286 10505320      1          603.57
11364 920106  449 920131  822  1286 10505320      1          603.55
11364 920106  455 920131  821  1286 10505320      1          603.43
11364 920106  456 920131  822  1286 10505320      1          603.42
11364 920106  457 920131  822  1286 10505320      1          603.42
 5226 920106  457 920131  821  1286 10505320      1          603.40
11364 920106  504 920131  821  1286 10505320      1          603.28
11364 920106  505 920131  822  1286 10505320      1          603.28
11364 920106  506 920131  821  1286 10505320      1          603.27
11364 920106  507 920131  821  1286 10505320      1          603.23
 5226 920106  508 920131  821  1286 10505320      1          603.22
11364 920106  510 920131  823  1286 10505320      1          603.20
11364 920106  512 920131  821  1286 10505320      1          603.15
 5226 920106  512 920131  823  1286 10505320      1          603.18
11364 920106  515 920131  823  1286 10505320      1          603.13
11364 920106  518 920131  822  1286 10505320      1          603.08
11364 920106  519 920131  823  1286 10505320      1          603.07
 5226 920106  521 920131  823  1286 10505320      1          603.03
11364 920106  521 920131  822  1286 10505320      1          603.03
11364 920106  522 920131  822  1286 10505320      1          603.00
11364 920106  524 920131  822  1286 10505320      1          602.97
11364 920106  525 920131  822  1286 10505320      1          602.95
11364 920106  528 920131  822  1286 10505320      1          602.90
11364 920106  531 920131  822  1286 10505320      1          602.85
11364 920106  534 920131  822  1286 10505320      1          602.80
 5226 920106  535 920131  824  1286 10505320      1          602.82
       TOTAL                                     56          33811

Raw data of 17,000 characters keeps hanging up on transmission
so I will not send it unless needed.

.S

