:ERASE


                       BT Tymnet Business Planning
                       ___________________________



Date:        92/02/18  10:06            PHONE: (408)922-7519
                                        FAX (408) 922-6232

To:          Larry Koehen        (LAR)

Copies:      David Nancarrow     (D.Nancarrow)

From:        Neil Sullivan       (NSullivan)

Reference:   920218.1

Subject:     Problem Sessions From Dialcom To OTC AUstralia

------------------------------------------------------------------------


Larry

This is a summary of the data on the sessions in questions followed by the 
actual session records.

I have asked David Nancarrow to check into
the matter with OTC Australia to see if they show the sessions as actual
sessions.


Let me know if you have any questions.

Neil Sullivan




THIS IS A SUMMARY OF ALL SESSIONS FROM HOST 1286 TO OTC AUSTRALIA

92/02/11  10:34            SUMMARY BY USERNAME AND ORIG NODE ORIG HOST
                                            AND
                                        CALLED DTE
OTC IS THE INPUT FILE
USERNAME      O.NODE O.HOST CALLED DTE              SESSIONS  KCHARA  HOURS  
X2501286        5226  1286   505320               517          167   5432.07
X2501286       11364  1286   505320               385          235  28379.10
X2501286        5226  1286   5301489000900         36           32       .03
X2501286        5226  1286   53014716001           11           28       .20
X2501286       11364  1286   5301489000900         13           31       .05
X2501286       11364  1286   53014716001            4            8       .00


THESE SESSIONS ARE THOSE WITH NO CHARACTERS AND THE VERY LONG CONNECT TIMES.
ALL BEGIN ON HOST 1286. ALL OF THESE SESSIONS HAVE NO INPUT OR OUTPUT CHARACTERS

92/02/18  09:15
OTC IS THE INPUT FILE
ORG     BEGINNING    ENDING    DTE
NODE   DATE  TIME  DATE  TIME CALLED          SESSIONS       HOURS
11364 920106  324 920131  837  1286 10505320      1          605.22
11364 920106  325 920131  837  1286 10505320      1          605.20
11364 920106  328 920131  819  1286 10505320      1          604.85
11364 920106  331 920131  819  1286 10505320      1          604.80
11364 920106  335 920131  818  1286 10505320      1          604.72
11364 920106  338 920131  818  1286 10505320      1          604.68
 5226 920106  341 920131  838  1286 10505320      1          604.95
11364 920106  345 920131  838  1286 10505320      1          604.88
11364 920106  348 920131  838  1286 10505320      1          604.83
11364 920106  351 920131  820  1286 10505320      1          604.48
11364 920106  354 920131  819  1286 10505320      1          604.42
11364 920106  355 920131  820  1286 10505320      1          604.42
11364 920106  401 920131  819  1286 10505320      1          604.32
11364 920106  402 920131  819  1286 10505320      2         1208.58
11364 920106  411 920131  819  1286 10505320      2         1208.27
11364 920106  415 920131  820  1286 10505320      1          604.08
11364 920106  418 920131  819  1286 10505320      1          604.03
11364 920106  421 920131  821  1286 10505320      1          604.00
11364 920106  425 920131  838  1286 10505320      1          604.22
 5226 920106  428 920131  820  1286 10505320      1          603.88
 5226 920106  431 920131  820  1286 10505320      1          603.83
11364 920106  435 920131  821  1286 10505320      1          603.77
11364 920106  438 920131  820  1286 10505320      2         1207.40
11364 920106  439 920131  820  1286 10505320      1          603.68
11364 920106  441 920131  820  1286 10505320      1          603.67
11364 920106  443 920131  820  1286 10505320      1          603.62
11364 920106  445 920131  822  1286 10505320      1          603.62
 5226 920106  448 920131  822  1286 10505320      1          603.57
11364 920106  449 920131  822  1286 10505320      1          603.55
11364 920106  455 920131  821  1286 10505320      1          603.43
11364 920106  456 920131  822  1286 10505320      1          603.42
11364 920106  457 920131  822  1286 10505320      1          603.42
 5226 920106  457 920131  821  1286 10505320      1          603.40
11364 920106  504 920131  821  1286 10505320      1          603.28
11364 920106  505 920131  822  1286 10505320      1          603.28
11364 920106  506 920131  821  1286 10505320      1          603.27
11364 920106  507 920131  821  1286 10505320      1          603.23
 5226 920106  508 920131  821  1286 10505320      1          603.22
11364 920106  510 920131  823  1286 10505320      1          603.20
11364 920106  512 920131  821  1286 10505320      1          603.15
 5226 920106  512 920131  823  1286 10505320      1          603.18
11364 920106  515 920131  823  1286 10505320      1          603.13
11364 920106  518 920131  822  1286 10505320      1          603.08
11364 920106  519 920131  823  1286 10505320      1          603.07
 5226 920106  521 920131  823  1286 10505320      1          603.03
11364 920106  521 920131  822  1286 10505320      1          603.03
11364 920106  522 920131  822  1286 10505320      1          603.00
11364 920106  524 920131  822  1286 10505320      1          602.97
11364 920106  525 920131  822  1286 10505320      1          602.95
11364 920106  528 920131  822  1286 10505320      1          602.90
11364 920106  531 920131  822  1286 10505320      1          602.85
11364 920106  534 920131  822  1286 10505320      1          602.80
 5226 920106  535 920131  824  1286 10505320      1          602.82
       TOTAL                                     56          33811

THIS IS THE FORMAT OF THE RAW DATA:

SESSNO,7
ORIGNODE,5
ORIGPORT,3
TERMID,2
TERMNODE,5
TERMPORT,3
TERMHOST,5
HOSTPORT,3
STARTDATE,6
STARTTIME,4
INPUTCHAR,12
OUTPUTCHAR,12
TOTALCHARS,13
ENDDATE,6
ENDTIME,4
TOTMIN,7
DISCTYPE,2
IRC,2
UUN,6
USRNAM,25
ORIGHOST,5
ORIGPHYPORT,3
HIGHDTE,8
LOWDTE,8
PAYFLAG,1
ACCFLAG,1
DNIC,4
STIMESEC,5
ETIMESEC,5
ERRTYP,1
MPVCSESS,5
OUTDIAL,1
TOTALSEC,8

THIS IS THE RAW DATA:

21864421136424614 4003  0 3900  0920106 324           0           0            0920131 837  3631384 0655420X2501286:G5053;           1286  010505320       000   012238309993    00 2178761      0              0          
21870101136424714 4003  0 3900  0920106 325           0           0            0920131 837  3631284 0655420X2501286:G5053;           1286  010505320       000   012301309953    00 2178694      0              0          
21886081136424614 4003  0 3900  0920106 328           0           0            0920131 819  3629184 0655420X2501286:G5053;           1286  010505320       000   012457299223    00 2177465      0              0          
21903131136425214 4003  0 3900  0920106 331           0           0            0920131 819  3628884 0655420X2501286:G5053;           1286  010505320       000   012646299183    00 2177272      0              0          
21925551136424614 4003  0 3900  0920106 335           0           0            0920131 818  3628384 0655420X2501286:G5053;           1286  010505320       000   012902299063    00 2177004      0              0          
21938781136424614 4003  0 3900  0920106 338           0           0            0920131 818  3628184 0655420X2501286:G5053;           1286  010505320       000   013057298943    00 2176837      0              0          
2195434 522617314 4003  0 3900  0920106 341           0           0            0920131 838  3629784 0655420X2501286:G5053;           1286  010505320       000   013245310783    00 2177833      0              0          
21974591136424614 4003  0 3900  0920106 345           0           0            0920131 838  3629384 0655420X2501286:G5053;           1286  010505320       000   013502310743    00 2177572      0              0          
21986321136424614 4003  0 3900  0920106 348           0           0            0920131 838  3629084 0655420X2501286:G5053;           1286  010505320       000   013657310703    00 2177413      0              0          
22000941136424714 4003  0 3900  0920106 351           0           0            0920131 820  3626984 0655420X2501286:G5053;           1286  010505320       000   013846299853    00 2176139      0              0          
22015801136424614 4003  0 3900  0920106 354           0           0            0920131 819  3626584 0655420X2501286:G5053;           1286  010505320       000   014044299693    00 2175925      0              0          
22019781136425214 4003  0 3900  0920106 355           0           0            0920131 820  3626584 0655420X2501286:G5053;           1286  010505320       000   014101299773    00 2175876      0              0          
22048291136424714 4003  0 3900  0920106 401           0           0            0920131 819  3625984 0655420X2501286:G5053;           1286  010505320       000   014446299613    00 2175515      0              0          
22052311136424614 4003  0 3900  0920106 402           0           0            0920131 819  3625884 0655420X2501286:G5053;           1286  010505320       000   014490299493    00 2175459      0              0          
22057491136425214 4003  0 3900  0920106 402           0           0            0920131 819  3625784 0655420X2501286:G5053;           1286  010505320       000   014545299533    00 2175408      0              0          
22097381136424614 4003  0 3900  0920106 411           0           0            0920131 819  3624884 0655420X2501286:G5053;           1286  010505320       000   015046299383    00 2174892      0              0          
22097591136424714 4003  0 3900  0920106 411           0           0            0920131 819  3624884 0655420X2501286:G5053;           1286  010505320       000   015049299333    00 2174884      0              0          
22115911136424614 4003  0 3900  0920106 415           0           0            0920131 820  3624584 0655420X2501286:G5053;           1286  010505320       000   015301299733    00 2174672      0              0          
22126761136424614 4003  0 3900  0920106 418           0           0            0920131 819  3624284 0655420X2501286:G5053;           1286  010505320       000   015457299653    00 2174508      0              0          
22139061136424714 4003  0 3900  0920106 421           0           0            0920131 821  3624084 0655420X2501286:G5053;           1286  010505320       000   015646300483    00 2174402      0              0          
22156541136424614 4003  0 3900  0920106 425           0           0            0920131 838  3625384 0655420X2501286:G5053;           1286  010505320       000   015901310623    00 2175161      0              0          
2216734 522614314 4003  0 3900  0920106 428           0           0            0920131 820  3623384 0655420X2501286:G5053;           1286  010505320       000   016056300283    00 2173972      0              0          
2217956 522614314 4003  0 3900  0920106 431           0           0            0920131 820  3623084 0655420X2501286:G5053;           1286  010505320       000   016245300243    00 2173779      0              0          
22196751136424714 4003  0 3900  0920106 435           0           0            0920131 821  3622684 0655420X2501286:G5053;           1286  010505320       000   016501300363    00 2173535      0              0          
22206271136424614 4003  0 3900  0920106 438           0           0            0920131 820  3622284 0655420X2501286:G5053;           1286  010505320       000   016653299973    00 2173344      0              0          
22206491136425214 4003  0 3900  0920106 438           0           0            0920131 820  3622284 0655420X2501286:G5053;           1286  010505320       000   016657299933    00 2173336      0              0          
22213431136424714 4003  0 3900  0920106 439           0           0            0920131 820  3622184 0655420X2501286:G5053;           1286  010505320       000   016767300203    00 2173253      0              0          
22218771136424614 4003  0 3900  0920106 441           0           0            0920131 820  3622084 0655420X2501286:G5053;           1286  010505320       000   016845300163    00 2173171      0              0          
22229131136424614 4003  0 3900  0920106 443           0           0            0920131 820  3621784 0655420X2501286:G5053;           1286  010505320       000   017002300053    00 2173003      0              0          
22235281136424714 4003  0 3900  0920106 445           0           0            0920131 822  3621784 0655420X2501286:G5053;           1286  010505320       000   017101301113    00 2173010      0              0          
2224554 522616714 4003  0 3900  0920106 448           0           0            0920131 822  3621484 0655420X2501286:G5053;           1286  010505320       000   017256300913    00 2172835      0              0          
22251371136424714 4003  0 3900  0920106 449           0           0            0920131 822  3621384 0655420X2501286:G5053;           1286  010505320       000   017350301073    00 2172757      0              0          
22272681136424614 4003  0 3900  0920106 455           0           0            0920131 821  3620684 0655420X2501286:G5053;           1286  010505320       000   017701300803    00 2172379      0              0          
22278011136424714 4003  0 3900  0920106 456           0           0            0920131 822  3620584 0655420X2501286:G5053;           1286  010505320       000   017783300993    00 2172316      0              0          
22279641136425214 4003  0 3900  0920106 457           0           0            0920131 822  3620584 0655420X2501286:G5053;           1286  010505320       000   017807300953    00 2172288      0              0          
2227989 522617314 4003  0 3900  0920106 457           0           0            0920131 821  3620484 0655420X2501286:G5053;           1286  010505320       000   017811300753    00 2172264      0              0          
22306151136424614 4003  0 3900  0920106 504           0           0            0920131 821  3619784 0655420X2501286:G5053;           1286  010505320       000   018250300643    00 2171814      0              0          
22309201136424714 4003  0 3900  0920106 505           0           0            0920131 822  3619784 0655420X2501286:G5053;           1286  010505320       000   018301301033    00 2171802      0              0          
22311401136425214 4003  0 3900  0920106 506           0           0            0920131 821  3619684 0655420X2501286:G5053;           1286  010505320       000   018342300873    00 2171745      0              0          
22314321136425414 4003  0 3900  0920106 507           0           0            0920131 821  3619484 0655420X2501286:G5053;           1286  010505320       000   018393300603    00 2171667      0              0          
2231880 522620114 4003  0 3900  0920106 508           0           0            0920131 821  3619384 0655420X2501286:G5053;           1286  010505320       000   018470300523    00 2171582      0              0          
22326921136424714 4003  0 3900  0920106 510           0           0            0920131 823  3619284 0655420X2501286:G5053;           1286  010505320       000   018623301583    00 2171535      0              0          
22331491136425214 4003  0 3900  0920106 512           0           0            0920131 821  3618984 0655420X2501286:G5053;           1286  010505320       000   018713300683    00 2171355      0              0          
2233218 522617314 4003  0 3900  0920106 512           0           0            0920131 823  3619184 0655420X2501286:G5053;           1286  010505320       000   018724301663    00 2171442      0              0          
22341181136424714 4003  0 3900  0920106 515           0           0            0920131 823  3618884 0655420X2501286:G5053;           1286  010505320       000   018901301553    00 2171254      0              0          
22349181136424714 4003  0 3900  0920106 518           0           0            0920131 822  3618584 0655420X2501286:G5053;           1286  010505320       000   019056301473    00 2171091      0              0          
22353001136425214 4003  0 3900  0920106 519           0           0            0920131 823  3618484 0655420X2501286:G5053;           1286  010505320       000   019133301743    00 2171041      0              0          
2235846 522614314 4003  0 3900  0920106 521           0           0            0920131 823  3618284 0655420X2501286:G5053;           1286  010505320       000   019245301703    00 2170925      0              0          
22358861136424714 4003  0 3900  0920106 521           0           0            0920131 822  3618284 0655420X2501286:G5053;           1286  010505320       000   019252301433    00 2170891      0              0          
22363431136425214 4003  0 3900  0920106 522           0           0            0920131 822  3618084 0655420X2501286:G5053;           1286  010505320       000   019338301393    00 2170801      0              0          
22368151136424714 4003  0 3900  0920106 524           0           0            0920131 822  3617884 0655420X2501286:G5053;           1286  010505320       000   019431301313    00 2170700      0              0          
22371411136425214 4003  0 3900  0920106 525           0           0            0920131 822  3617784 0655420X2501286:G5053;           1286  010505320       000   019501301273    00 2170626      0              0          
22379671136424714 4003  0 3900  0920106 528           0           0            0920131 822  3617484 0655420X2501286:G5053;           1286  010505320       000   019657301153    00 2170458      0              0          
22389491136425414 4003  0 3900  0920106 531           0           0            0920131 822  3617184 0655420X2501286:G5053;           1286  010505320       000   019845301233    00 2170278      0              0          
22400061136424714 4003  0 3900  0920106 534           0           0            0920131 822  3616884 0655420X2501286:G5053;           1286  010505320       000   020050301193    00 2170069      0              0          
2240278 522617114 4003  0 3900  0920106 535           0      0            0920131 824  3616984 0655420X2501286:G5053;           1286  010505320       000   020101302373    00 2170136      0              0          
.S

  b 'L