0220503081524FNCA         21112171360 71RESTAURANT  11001   0    15925      1820309
0220503081524FNCA         21112171360 71RESTAURANT  111    18 10     0      0820309
0221303082002SCAMP1       24326222306 112H006A/GDR.D11001   0   108750      1820309
0221303082002SCAMP1       24326222306 112H006A/GDR.D111    23 10     0      0820309
0221203081950SCAMP1       24326222306 112H006A.GDR.D11001   0   389228      1820309
0221203081950SCAMP1       24326222306 112H006A.GDR.D111   305 10     0      0820309
0221503091512FNCA         21112171360 71RESTAURASNT 11001   0    15925      1820309
0221503091512FNCA         21112171360 71RESTAURASNT 111    18 10     0      0820309
0221403091446FNCA         21112171360 71RESTAURANT  11001   0    13485      1820309
0221403091446FNCA         21112171360 71RESTAURANT  111    18 10     0      0820309
0222103100140YANKEE       35525  4271 12SPOOL       11001   0  1404580      4820310
0222103100140YANKEE       35525  4271 12SPOOL       111   670 10     0      0820310
0223903111036YANKEE       35525  4271 12SPOOL       11001   0  1090660      1820311
0223903111036YANKEE       35525  4271 12SPOOL       111   358 10     0      0820311
0228203171211OWENSIRT     26150 51132130PRINT       11001   0   204345      4820317
0228203171211OWENSIRT     26150 51132130PRINT       111    53 10     0      0820317
0228303170912SCAMP1       24326222306 112H006A.GDR.D11001   0  1352310      1820317
0228303170912SCAMP1       24326222306 112H006A.GDR.D111   340 10     0      0820317
0227203161040SCAMP1       24326222306 112H006A.GDR.D110        1352310      1820326
0227203161040SCAMP1       24326222306 112H006A.GDR.D111   340 10             820326
0236003271221PWPUBA       27546344303 90CHFA82A     11001   0   700900      1820329
0236003271221PWPUBA       27546344303 90CHFA82A     111   435 10     0      0820329
0237103300053YANKEE       35525  4271 12SPOOL       11001   0  1241820      2820330
0237103300053YANKEE       35525  4271 12SPOOL       111   686 10     0      0820330
0238603311110YANKEE       35525  4271 12SPOOL       11001   0  1241820      2820401
0238603311110YANKEE       35525  4271 12SPOOL       111   626 10     0      0820401
0240004010631YANKEE       35525  4271 12SPOOL       11001   0  1288024      1820401
0240004010631YANKEE       35525  4271 12SPOOL       111   336 10     0      0820401
0240604020654LMARTOK      33231326454182MONTHLYPRT  11001   0   530995      1820402
0240604020654LMARTOK      33231326454182MONTHLYPRT  111   224 10     0      0820402
0250904220912YANKEE       35525  4271 12SPOOL       11001   0  2065810      3820422
0250904220912YANKEE       35525  4271 12SPOOL       111   936 10     0      0820422
0251704222043DIST12A      11553165215 12PRHH        01001   0   931648      1820423
0251704222043DIST12A      11553165215 12PRHH        011   925 10     0      0820423
0253004261141FNCA         21112171360 71COMPTA      11001   0   770070      1820426
0253004261141FNCA         21112171360 71COMPTA      111   354 10     0      0820426
0254704271522FNCA         21112171360 71PLAN COMPTAB11001   0   642700      1820427
0254704271522FNCA         21112171360 71PLAN COMPTAB111   295 10     0      0820427
0257905031507SCAMP1       24326222306 112H006A/GDR.D11001   0  1371990      1820503
0257905031507SCAMP1       24326222306 112H006A/GDR.D111   336 10     0      0820503
0255904300843LMARTOK      33231326454182MONTHLYPRT  11001   0   530995      1820504
0255904300843LMARTOK      33231326454182MONTHLYPRT  111   224 10     0      0820504
0260205050058YANKEE       35525  4271 12SPOOL       11001   0  1496240      2820505
0260205050058YANKEE       35525  4271 12SPOOL       111   742 10     0      0820505
0258605041301LMARTOK      33231326454182MONTHLYPRT  11001   0   530995      1820506
0258605041301LMARTOK      33231326454182MONTHLYPRT  111   224 10     0      0820506
0262205061550LMARTOK      33231326454182MONTHLYPRT  11001   0   535735      1820507
0262205061550LMARTOK      33231326454182MONTHLYPRT  111   226 10     0      0820507
0262605071152DIST182A     16362156604182PRINTAGAIN  01001   0   535735      1820508
0262605071152DIST182A     16362156604182PRINTAGAIN  011   226 10     0      0820508
0266005130955FNCA         21112171360 71PLAN COMPTAB11001   0   396700      1820513
0266005130955FNCA         21112171360 71PLAN COMPTAB111   235 10     0      0820513
0265905122321YANKEE       35525  4271 12SPOOL       11001   0  1443670      2820513
0265905122321YANKEE       35525  4271 12SPOOL       111   696 10     0      0820513
0266105131101FNCA         21112171360 71COMPTA      11001   0   511303      3820513
0266105131101FNCA         21112171360 71COMPTA      111  1123 10     0      0820513
0266405132205YANKEE       35525  4271 12SPOOL       11001   0  1653998      1820514
0266405132205YANKEE       35525  4271 12SPOOL       111  1155 10     0      0820514
0266905141405YANKEE       35525  4271 12SPOOL       11001   0   635285      1820514
0266905141405YANKEE       35525  4271 12SPOOL       111   283 10     0      0820514
0271405232250YANKEE       35525  4271 12SPOOL       11001   0   940320      1820524
0271405232250YANKEE       35525  4271 12SPOOL       111   114 10     0      0820524
0271305232243YANKEE       35525  4271 12SPOOL       11001   0   175880      1820524
0271305232243YANKEE       35525  4271 12SPOOL       111   136 10     0      0820524
0271205232240YANKEE       35525  4271 12SPOOL       11001   0   869920      1820524
0271205232240YANKEE       35525  4271 12SPOOL       111   464 10     0      0820524
0277205271748YANKEE       35525  4271 12SPOOL       11001   0   940320      1820528
0277205271748YANKEE       35525  4271 12SPOOL       111   114 10     0      0820528
0279806011412YANKEE       35525  4271 12SPOOL       11001   0   272600      4820601
0279806011412YANKEE       35525  4271 12SPOOL       111    86 10     0      0820601
0282206041621LMARTOK      33231326454182MONTHLYPRT  11001   0   530995      1820605
0282206041621LMARTOK      33231326454182MONTHLYPRT  111   123 10     0      0820605
0286906100116YANKEE       35525  4271 12SPOOL       11001   0  1357940      2820610
0286906100116YANKEE       35525  4271 12SPOOL       111   692 10     0      0820610
0287406101223YANKEE       35525  4271 12SPOOL       11001   0  1456898      1820611
0287406101223YANKEE       35525  4271 12SPOOL       111  1101 10     0      0820611
0288806140701YANKEE       35525  4271 12SPOOL       11001   0  1534020      1820614
0288806140701YANKEE       35525  4271 12SPOOL       111   183 10     0      0820614
0263205091452E32014       10264104032128JRS         11002   0   450513      6820621
0263205091452E32014       10264104032128JRS         111 20759 20     0      0820621
0298206251057YANKEE       35525  4271 12INVOICE     11001   0   643020      1820625
0298206251057YANKEE       35525  4271 12INVOICE     111   299 10     0      0820625
0298306251159YANKEE       35525  4271 129566440     11001   0    68705      1820625
0298306251159YANKEE       35525  4271 129566440     111    53 10     0      0820625
0206507081624YANKEE       35525  4271 12SPOOL       11001   0  1152060      1820708
0206507081624YANKEE       35525  4271 12SPOOL       111   138 10     0      0820708
0206407081609YANKEE       35525  4271 12SPOOL       11001   0  1266056      1820709
0206407081609YANKEE       35525  4271 12SPOOL       111  1614 10     0      0820709
0206307081533YANKEE       35525  4271 12SPOOL       11001   0  1522650      2820709
0206307081533YANKEE       35525  4271 12SPOOL       111   766 10     0      0820709
0205507071312DIST12A      11553165215 12            01001   0    86820      1820709
0205507071312DIST12A      11553165215 12            011    70 10     0      0820709
0208607141246SCAMP1       24326222306 112H006A/GDR.D11001   0  1340170      1820715
0208607141246SCAMP1       24326222306 112H006A/GDR.D111   328 10     0      0820715
0204107050839LMARTOK      33231326454182MONTHLYPRT  110         541615      1820715
0204107050839LMARTOK      33231326454182MONTHLYPRT  111   125 10             820715
0211807210006YANKEE       35525  4271 12SPOOL       11001   0  1200290      1820721
0211807210006YANKEE       35525  4271 12SPOOL       111   144 10     0      0820721
0211707202359YANKEE       35525  4271 12SPOOL       11001   0  1833270      2820721
0211707202359YANKEE       35525  4271 12SPOOL       111  1026 10     0      0820721
0217207291119FNCA         21112171360 71RESTAURANT  11001   0    11915      1820730
0217207291119FNCA         21112171360 71RESTAURANT  111    17 10     0      0820730
0223908061415YANKEE       35525  4271 12PRINTING    11001   0   704128      1820806
0223908061415YANKEE       35525  4271 12PRINTING    111  1183 10     0      0820806
0224108061549YANKEE       35525  4271 12SPOOL       11001   0  1331230      1820807
0224108061549YANKEE       35525  4271 12SPOOL       111   160 10     0      0820807
0224808091246SFPRINT      11553166742 12            01001   0  1039640      1820809
0224808091246SFPRINT      11553166742 12            011   309 10     0      0820809
0218808021103LMARTOK      33231326454182MONTHLYPRT  110         565370      1820813
0218808021103LMARTOK      33231326454182MONTHLYPRT  111   130 10             820813
0229908200026YANKEE       35525  4271 12SPOOL       11001   0  2008395      2820820
0229908200026YANKEE       35525  4271 12SPOOL       111  1095 10     0      0820820
0236609062305YANKEE       35525  4271 12SPOOL       11001   0   142430      1820907
0236609062305YANKEE       35525  4271 12SPOOL       111   144 10     0      0820907
0236709070052YANKEE       35525  4271 12INVOICE     11001   0  1529970      1820907
0236709070052YANKEE       35525  4271 12INVOICE     111   686 10     0      0820907
0237009071329YANKEE       35525  4271 12SPOOL       11001   0  1470150      1820907
0237009071329YANKEE       35525  4271 12SPOOL       111   176 10     0      0820907
0238009081237YANKEE       35525  4271 12SPOOL       11001   0   764985      1820908
0238009081237YANKEE       35525  4271 12SPOOL       111   343 10     0      0820908
0237909081232YANKEE       35525  4271 12SPOOL       11001   0   722338      1820909
0237909081232YANKEE       35525  4271 12SPOOL       111   867 10     0      0820909
0239009091011YANKEE       35525  4271 12SPOOL       11001   0   122220      1820909
0239009091011YANKEE       35525  4271 12SPOOL       111   105 10     0      0820909
0238909091008YANKEE       35525  4271 12SPOOL       11001   0   371745      3820909
0238909091008YANKEE       35525  4271 12SPOOL       111   303 10     0      0820909
0239109091015YANKEE       35525  4271 12SPOOL       11001   0  1470150      1820909
0239109091015YANKEE       35525  4271 12SPOOL       111   176 10     0      0820909
0241809151522SCAMP1       24326222306 112H006A/GDR.D11001   0  1355010      1820916
0241809151522SCAMP1       24326222306 112H006A/GDR.D111   334 10     0      0820916
0243409201118YANKEE       35525  4271 12SPOOL       11001   0   319370      4820920
0243409201118YANKEE       35525  4271 12SPOOL       111   288 10     0      0820920
0242709191922YANKEE       35525  4271 12SPOOL       11001   0  1968525      2820920
0242709191922YANKEE       35525  4271 12SPOOL       111   999 10     0      0820920
0244309221538FNCA         21112171360 71RESTAURANT  11001   0    14275      1820922
0244309221538FNCA         21112171360 71RESTAURANT  111    16 10     0      0820922
0243609201856YANKEE       35525  4271 12SPOOL       11001   0  1540910      1820922
0243609201856YANKEE       35525  4271 12SPOOL       111   184 10     0      0820922
0253810061316YANKEE       35525  4271 12INVOIC      11001   0  1611110      1821006
0253810061316YANKEE       35525  4271 12INVOIC      111   684 10     0      0821006
0251910040922LMARTOK      33231326454182MONTHLYPRT  11001   0   600950      1821007
0251910040922LMARTOK      33231326454182MONTHLYPRT  111   130 10     0      0821007
0254010061431YANKEE       35525  4271 12INVOICE     11001   0  2519000      5821007
0254010061431YANKEE       35525  4271 12INVOICE     111   982 10     0      0821007
0254310070204YANKEE       35525  4271 12PERP        11001   0  1644870      1821008
0254310070204YANKEE       35525  4271 12PERP        111   198 10     0      0821008
0253910061429YANKEE       35525  4271 12INVOICE     11001   0   212340      1821008
0253910061429YANKEE       35525  4271 12INVOICE     111   200 10     0      0821008
0255810110935DIST182A     16362156604182EDWINPRT    01001   0   580330     51821014
0255810110935DIST182A     16362156604182EDWINPRT    011   266 10     0      0821014
0255510110823DIST182A     16362156604182EDWINPRT    01001   0   572100     19821014
0255510110823DIST182A     16362156604182EDWINPRT    011   258 10     0      0821014
0261510210328YANKEE       35525  4271 12INVOICE     11001   0   368683      1821022
0261510210328YANKEE       35525  4271 12INVOICE     111  1041 10     0      0821022
0263510251410YANKEE       35525  4271 12REPORTS     11001   0   505438      1821025
0263510251410YANKEE       35525  4271 12REPORTS     111   331 10     0      0821025
0269011072256YANKEE       35525  4271 12SPOOL       11001   0  1745186      2821108
0269011072256YANKEE       35525  4271 12SPOOL       111  2013 10     0      0821108
0269911091719YANKEE       35525  4271 12SPOOL       11001   0  1817060      1821110
0269911091719YANKEE       35525  4271 12SPOOL       111   230 10     0      0821110
0270311101129SCAMP1       24326222306 112H006A/GDR.D11001   0  1391590      1821111
0270311101129SCAMP1       24326222306 112H006A/GDR.D111   340 10     0      0821111
0274611221040YANKEE       35525  4271 12SPOOL       11001   0   115558      1821122
0274611221040YANKEE       35525  4271 12SPOOL       111   987 10     0      0821122
0273911212157YANKEE       35525  4271 12SPOOL       11001   0   716143      1821123
0273911212157YANKEE       35525  4271 12SPOOL       111   354 10     0      0821123
0280112052246YANKEE       35525  4271 12SPOOL       11001   0   656863      1821206
0280112052246YANKEE       35525  4271 12SPOOL       111  1077 10     0      0821206
0280012052244YANKEE       35525  4271 12SPOOL       11001   0   801478      1821206
0280012052244YANKEE       35525  4271 12SPOOL       111   891 10     0      0821206
0280912061951YANKEE       35525  4271 12SPOOL       11001   0   525320      1821207
0280912061951YANKEE       35525  4271 12SPOOL       111   318 10     0      0821207
0279912052242YANKEE       35525  4271 12SPOOL       11001   0  1962930      1821207
0279912052242YANKEE       35525  4271 12SPOOL       111   248 10     0      0821207
0287312211516YANKEE       35525  4271 12SPOOL       11001   0  2589200      2821222
0287312211516YANKEE       35525  4271 12SPOOL       111  1170 10     0      0821222
0286412210045YANKEE       35525  4271 12SPOOL       11001   0  2037370      1821222
0286412210045YANKEE       35525  4271 12SPOOL       111   250 10     0      0821222
0292112301148SCAMP1       24326222306 112HI]006A/GDR11001   0  1346560      1821231
0292112301148SCAMP1       24326222306 112HI]006A/GDR111   326 10     0      0821231
0295501052322YANKEE       35525  4271 12SPOOL       11001   0   736423      1830106
0295501052322YANKEE       35525  4271 12SPOOL       111  1129 10     0      0830106
0295401052321YANKEE       35525  4271 12SPOOL       11001   0   611170      1830106
0295401052321YANKEE       35525  4271 12SPOOL       111   356 10     0      0830106
0295201052317YANKEE       35525  4271 12SPOOL       11001   0    22178      1830106
0295201052317YANKEE       35525  4271 12SPOOL       111   261 10     0      0830106
0296501061944YANKEE       35525  4271 12SPOOL       11001   0  1173748      1830107
0296501061944YANKEE       35525  4271 12SPOOL       111   969 10     0      0830107
0297201100913YANKEE       35525  4271 12SPOOL       11001   0  1085860      1830110
0297201100913YANKEE       35525  4271 12SPOOL       111   322 10     0      0830110
0298801121600YANKEE       35525  4271 12SPOOL       11001   0  1085860      1830113
0298801121600YANKEE       35525  4271 12SPOOL       111   322 10     0      0830113
0200101151653E32014       10264104032128JRS         11001   0   612758     12830120
0200101151653E32014       10264104032128JRS         111 50196 10     0      0830120
0299901141617E32014       10264104032128JRS         11002   0    49906      1830120
0299901141617E32014       10264104032128JRS         111    26 21     0      0830120
0202201202117YANKEE       35525  4271 12SPOOL       11001   0    71748      1830121
0202201202117YANKEE       35525  4271 12SPOOL       111   267 10     0      0830121
0202401202217YANKEE       35525  4271 12SPOOL       11001   0   262390      1830121
0202401202217YANKEE       35525  4271 12SPOOL       111   170 10     0      0830121
0202301202214YANKEE       35525  4271 12SPOOL       11001   0  1658510      1830121
0202301202214YANKEE       35525  4271 12SPOOL       111   768 10     0      0830121
0208702031427FNCA         21112171360 71RESTAURANT  11001   0    12960      1830204
0208702031427FNCA         21112171360 71RESTAURANT  111    16 10     0      0830204
0209402041514FNCA         21112171360 71RESTAURANT  11001   0    14275      1830204
0209402041514FNCA         21112171360 71RESTAURANT  111    17 10     0      0830204
0209902051343YANKEE       35525  4271 12SPOOL       11001   0   283960      1830207
0209902051343YANKEE       35525  4271 12SPOOL       111   179 10     0      0830207
0209802051340YANKEE       35525  4271 12SPOOL       11001   0  4104900      2830209
0209802051340YANKEE       35525  4271 12SPOOL       111  1544 10     0      0830209
0209702051336YANKEE       35525  4271 12SPOOL       11001   0   171968      1830209
0209702051336YANKEE       35525  4271 12SPOOL       111   279 10     0      0830209
0216602220857YANKEE       35525  4271 12SPOOL       11001   0   290140      1830222
0216602220857YANKEE       35525  4271 12SPOOL       111   183 10     0      0830222
0216502220854YANKEE       35525  4271 12SPOOL       11001   0  1984520      1830222
0216502220854YANKEE       35525  4271 12SPOOL       111   890 10     0      0830222
0215202201NKEE       35525  4271 12SPOOL       11001   0   257498      1830222
0215202201129YANKEE       35525  4271 12SPOOL       111   289 10     0      0830222
0217802251454E32014       10264104032128            11001   0    62126      4830301
0217802251454E32014       10264104032128            111    36 10     0      0830301
0221603080751YANKEE       35525  4271 12SPOOL       11001   0   218628      1830308
0221603080751YANKEE       35525  4271 12SPOOL       111  1075 10     0      0830308
0221503080749YANKEE       35525  4271 12SPOOL       11001   0   253518      1830308
0221503080749YANKEE       35525  4271 12SPOOL       111   727 10     0      0830308
0221203080326YANKEE       35525  4271 12SPOOL       11001   0   389228      1830309
0221203080326YANKEE       35525  4271 12SPOOL       111   305 10     0      0830309
0223403150948SCAMP1       24326222306 112H006A/GDR.D11001   0  1355300      1830316
0223403150948SCAMP1       24326222306 112H006A/GDR.D111   326 10     0      0830316
0225103200213YANKEE       35525  4271 12SPOOL       11001   0   504128      1830322
0225103200213YANKEE       35525  4271 12SPOOL       111   319 10     0      0830322
0226103222041YANKEE       35525  4271 12SPOOL       11001   0    66528      1830323
0226103222041YANKEE       35525  4271 12SPOOL       111   955 10     0      0830323
0225803211704YANKEE       35525  4271 12SPOOL       11001   0   327315      1830323
0225803211704YANKEE       35525  4271 12SPOOL       111   190 10     0      0830323
0232204071416YANKEE       35525  4271 12SPOOL       11001   0   432605      1830408
0232204071416YANKEE       35525  4271 12SPOOL       111   248 10     0      0830408
0231604070311YANKEE       35525  4271 12SPOOL       11001   0   682548      1830408
0231604070311YANKEE       35525  4271 12SPOOL       111   341 10     0      0830408
0233704110810YANKEE       35525  4271 12SPOOL       11001   0   809748      1830411
0233704110810YANKEE       35525  4271 12SPOOL       111   877 10     0      0830411
0234504120932YANKEE       35525  4271 12SPOOL       11001   0  1437080      1830415
0234504120932YANKEE       35525  4271 12SPOOL       111   621 10     0      0830415
0239404212143YANKEE       35525  4271 12SPOOL       11001   0   817270      1830503
0239404212143YANKEE       35525  4271 12SPOOL       111   468 10     0      0830503
0246205041038SCAMP1       24326222306 112H006A/GDR.D11001   0  1394170      1830505
0246205041038SCAMP1       24326222306 112H006A/GDR.D111   340 10     0      0830505
0244605031814YANKEE       35525  4271 12SPOOL       11001   0   570068      1830509
0244605031814YANKEE       35525  4271 12SPOOL       111  1173 10     0      0830509
0249705092323YANKEE       35525  4271 12SPOOL       11001   0   520721      1830511
0249705092323YANKEE       35525  4271 12SPOOL       111   578 10     0      0830511
0255305251726YANKEE       35525  4271 12SPOOL       11001   0  1019658      1830526
0255305251726YANKEE       35525  4271 12SPOOL       111   931 10     0      0830526
0256005260918YANKEE       35525  4271 12ONHIRE NOS  11001   0   832586      1830531
0256005260918YANKEE       35525  4271 12ONHIRE NOS  111   615 10     0      0830531
0259206020911FNCA         21112171360 71RESTAURANT  11001   0    13345      1830602
0259206020911FNCA         21112171360 71RESTAURANT  111    19 10     0      0830602
0258706011527FNCA         21112171360 71RESTAURANT  11001   0    18330      1830602
0258706011527FNCA         21112171360 71RESTAURANT  111    19 10     0      0830602
0257906010946FNCA         21112171360 71RESTAURANT  11001   0    15870      1830602
0257906010946FNCA         21112171360 71RESTAURANT  111    19 10     0      0830602
0257606010859FNCA         21112171360 71RESTAURANT  11001   0    13925      1830602
0257606010859FNCA         21112171360 71RESTAURANT  111    15 10     0      0830602
0259406021020YANKEE       35525  4271 12SPOOL       11001   0   300048      1830602
0259406021020YANKEE       35525  4271 12SPOOL       111  1105 10     0      0830602
0260506071252SRA              1215254  0DIRECOTRY   01001   0    29355      1830607
0260506071252SRA              1215254  0DIRECOTRY   011     8 10     0      0830607
0260806082257YANKEE       35525  4271 12SPOOL       11001   0   985528      1830609
0260806082257YANKEE       35525  4271 12SPOOL       111   929 10     0      0830609
0260606082008YANKEE       35525  4271 12SPOOL       11001   0   964908      1830610
0260606082008YANKEE       35525  4271 12SPOOL       111  1255 10     0      0830610
0264106221357YANKEE       35525  4271 12SPOOL       11001   0  1308986      1830623
0264106221357YANKEE       35525  4271 12SPOOL       111   674 10     0      0830623
0265306241101YANKEE       35525  4271 12SPOOL       11001   0   444608      1830624
0265306241101YANKEE       35525  4271 12SPOOL       111  1073 10     0      0830624
0266906281109E32014       10264104032128            11001   0    76606      1830705
0266906281109E32014       10264104032128            111    56 10     0      0830705
0271007071106SCAMP1       24326222306 112H006A/GDR.D11001   0  1314270      1830707
0271007071106SCAMP1       24326222306 112H006A/GDR.D111   320 10     0      0830707
0272207081559E32014       10264104032128            11001   0    84068      9830711
0272207081559E32014       10264104032128            111    68 10     0      0830711
0272107081550E32014       10264104032128            11001   0   131400      5830711
0272107081550E32014       10264104032128            111    95 10     0      0830711
0287809061011DIST181A     16361156602181            01001   0   140552      4830907
0287809061011DIST181A     16361156602181            011    71 10     0      0830907
0287609061004DIST181A     16361156602181            01001   0    13116      1830907
0287609061004DIST181A     16361156602181            011     3 10     0      0830907
0290509191215SCAMP1       24326222306 112HOO6A/JDB.D11001   0  1334030      1830920
0290509191215SCAMP1       24326222306 112HOO6A/JDB.D111   320 10     0      0830920
0298010050413TRC800        1514137562 96FRUEHAUF FIN11001   0   120140      2831005
0298010050413TRC800        1514137562 96FRUEHAUF FIN111    39 10     0      0831005
0291109201030DIST11A      10422111073 112H006A/JDB.D010        1334030      1831009
0291109201030DIST11A      10422111073 112H006A/JDB.D011   320 10             831009
0203810260350TRC800        1514137562 96FRUEHAUF FIN11001   0   118720      2831026
0203810260350TRC800        1514137562 96FRUEHAUF FIN111    38 10     0      0831026
0210911220759SCAMP1       24326222306 1126006A/JDB.D11001   0  1365660      1831123
0210911220759SCAMP1       24326222306 1126006A/JDB.D111   328 10     0      0831123
0216212070208TRC800        1514137562 96FRUEHAUF FIN11001   0   612055      2831207
0216212070208TRC800        1514137562 96FRUEHAUF FIN111   178 10     0      0831207
0223301040228TRC800        1514137562 96FRUEHAUF FIN11001   0   118685      2840105
0223301040228TRC800        1514137562 96FRUEHAUF FIN111    38 10     0      0840105
0225001070946HISEK        32417330160231            11001   0  1231980      2840109
0225001070946HISEK        32417330160231            111   286 10     0      0840109
0225101070947HISEK        32417330160231            11002   0   403810      1840109
0225101070947HISEK        32417330160231            111    69 20     0      0840109
0225201070948HISEK        32417330160231            11003   0   460920      1840109
0225201070948HISEK        32417330160231            111    88 30     0      0840109
0225301070949HISEK        32417330160231            11004   0  1918210      2840109
0225301070949HISEK        32417330160231            111   435 40     0      0840109
0235501230941HISEK        32417330160231            11001   0   585415      1840123
0235501230941HISEK        32417330160231            111   144 10     0      0840123
0238201250139TRC800        1514137562 96FRUEHAUF FIN11001   0   120335      2840125
0238201250139TRC800        1514137562 96FRUEHAUF FIN111    39 10     0      0840125
0259902230944HISEK        32417330160231            11001   0   576290      1840227
0259902230944HISEK        32417330160231            111   142 10     0      0840227
0264003050138TRC800        1514137562 96FRUEHAUF FIN11001   0   121925      2840305
0264003050138TRC800        1514137562 96FRUEHAUF FIN111    39 10     0      0840305
0265603071131HISEK        32417330160231            11001   0   560195      1840309
0265603071131HISEK        32417330160231            111   124 10     0      0840309
0265703071132HISEK        32417330160231            11002   0   375940      1840309
0265703071132HISEK        32417330160231            111    65 20     0      0840309
0265803071132HISEK        32417330160231            11003   0   413990      1840309
0265803071132HISEK        32417330160231            111    78 30     0      0840309
0265903071133HISEK        32417330160231            11004   0  1643770      2840311
0265903071133HISEK        32417330160231            111   397 40     0      0840311
0268603080652SCAMP1       24326222306 112H006A/JDB.D11001   0  1167840      1840316
0268603080652SCAMP1       24326222306 112H006A/JDB.D111   284 10     0      0840316
0276203231432HISEK        32417330160231            11001   0   600520      1840327
0276203231432HISEK        32417330160231            111   147 10     0      0840327
0279904040144TRC800        1514137562 96FRUEHQUF FIN11001   0   121585      2840404
0279904040144TRC800        1514137562 96FRUEHQUF FIN111    39 10     0      0840404
0281504061521HISEK        32417330160231            11002   0   432755      1840410
0281504061521HISEK        32417330160231            111    73 20     0      0840410
0281404061520HISEK        32417330160231            11001   0  1220840      2840410
0281404061520HISEK        32417330160231            111   280 10     0      0840410
0281604061522HISEK        32417330160231            11003   0   413610      1840410
0281604061522HISEK        32417330160231            111    79 30     0      0840410
0281704061522HISEK        32417330160231            11004   0  1948085      2840410
0281704061522HISEK        32417330160231            111   448 40     0      0840410
0299704260103TRC800        1514137562 96FRUEHAUF FIN11001   0   121555      2840426
0299704260103TRC800        1514137562 96FRUEHAUF FIN111    39 10     0      0840426
0221705241343SALTYRON     11447143725  3            01001   0    46945      1840524
0221705241343SALTYRON     11447143725  3            011    51 10     0      0840524
0222605280132TRC800        1514137562 96FRUEHAUF FIN11001   0   122405      2840529
0222605280132TRC800        1514137562 96FRUEHAUF FIN111    39 10     0      0840529
0229606081023HISEK        32417330160231            11004   0  1959105      2840608
0229606081023HISEK        32417330160231            111   442 40     0      0840608
0229306081019HISEK        32417330160231            11001   0  1203680      2840609
0229306081019HISEK        32417330160231            111   264 10     0      0840609
0229506081022HISEK        32417330160231            11003   0   443840      1840609
0229506081022HISEK        32417330160231            111    84 30     0      0840609
0229406081021HISEK        32417330160231            11002   0   419870      1840609
0229406081021HISEK        32417330160231            111    70 20     0      0840609
0232206110744SCAMP1       24326222306 112H006A/JDB.D11001   0  1180490      1840614
0232206110744SCAMP1       24326222306 112H006A/JDB.D111   284 10     0      0840614
0246106280157TRC800        1514137562 96FRUEHAUF FIN11001   0   612870      2840628
0246106280157TRC800        1514137562 96FRUEHAUF FIN111   179 10     0      0840628
0259407240249TRC800        1514137562 96FRUEHAUF FIN11001   0   121430      2840725
0259407240249TRC800        1514137562 96FRUEHAUF FIN111    39 10     0      0840725
0216110311122SCAMP1       24326222306 112H0061/JDB.D11001   0  1210040      1841108
0216110311122SCAMP1       24326222306 112H0061/JDB.D111   290 10     0      0841108
0223611091446TRC330        1514242060 96ADMIN       11002   0   581425    106841109
0223611091446TRC330        1514242060 96ADMIN       111   283 21     0      0841109
0238612010725COPQ            13 75775  1PG/COPY     01001   0    79399      2841204
0238612010725COPQ            13 75775  1PG/COPY     011    39 10     0      0841204
0238512010719COPQ            13 75775  1PG/COPY     01001   0   189540     20841204
0238512010719COPQ            13 75775  1PG/COPY     011   105 10     0      0841204
0243412120121TRC800        1514137562 96FRUEHAUF FIN11001   0    40392      2841219
0243412120121TRC800        1514137562 96FRUEHAUF FIN111    38 10     0      0841219
0268608211745DIST121A     14351153123121DDG         01001   0   336514     74870821
0268608211745DIST121A     14351153123121DDG         011   209 10     0      0870821
0285403300957REQTYM       11346155675  3DBA         01001   0     5040      1880330
0285403300957REQTYM       11346155675  3DBA         011     3 10     0      0880330
0202801311915DCSMINN      16316365203249CANTERRA    01001   0   604430      1890131
0202801311915DCSMINN      16316365203249CANTERRA    011   147 10     0      0890131
0202901311946DCSMINN      16316365203249AIRCO       01001   0  1470500      2890131
0202901311946DCSMINN      16316365203249AIRCO       011   355 10     0      0890131
0203001311951DCSMINN      16316365203249AIRCO2      01001   0   180735      2890131
0203001311951DCSMINN      16316365203249AIRCO2      011    68 10     0      0890131
0203202010724DCSMINN      16316365203249CANTERRA    01001   0   619470      1890201
0203202010724DCSMINN      16316365203249CANTERRA    011   151 10     0      0890201
0203302010727DCSMINN      16316365203249AIRCO       01001   0  1497640      2890201
0203302010727DCSMINN      16316365203249AIRCO       011   356 10     0      0890201
0203402010729DCSMINN      16316365203249AIRCO2      01001   0   186555      2890201
0203402010729DCSMINN      16316365203249AIRCO2      011    69 10     0      0890201
0203502010852DCSMINN      16316365203249CANTERRA    01001   0   619470      1890201
0203502010852DCSMINN      16316365203249CANTERRA    011   151 10     0      0890201
0203602010904DCSMINN      16316365203249AIRCO       01001   0  1497640      2890201
0203602010904DCSMINN      16316365203249AIRCO       011   356 10     0      0890201
0203702010906DCSMINN      16316365203249AIRCO2      01001   0   186555      2890201
0203702010906DCSMINN      16316365203249AIRCO2      011    69 10     0      0890201
0203802011033DCSMINN      16316365203249AIRCO       01001   0  1498285      2890201
0203802011033DCSMINN      16316365203249AIRCO       011   357 10     0      0890201
0203902011035DCSMINN      16316365203249AIRCO2      01001   0   187200      2890201
0203902011035DCSMINN      16316365203249AIRCO2      011    70 10     0      0890201
0209303031744DCSMINN      16316365203249CANTERRA    01001   0   589660      1890305
0209303031744DCSMINN      16316365203249CANTERRA    011   152 10     0      0890305
0209403031752DCSMINN      16316365203249AIRCO       01001   0  1379745      1890305
0209403031752DCSMINN      16316365203249AIRCO       011   339 10     0      0890305
0209503031755DCSMINN      16316365203249AIRCO2      01001   0   107470      1890305
0209503031755DCSMINN      16316365203249AIRCO2      011    36 10     0      0890305
0212404011844DCSOPEN      16316 23665249AIRCO       01001   0  1425940      2890414
0212404011844DCSOPEN      16316 23665249AIRCO       011   353 10     0      0890414
0212304011840DCSOPEN      16316 23665249CANTERRA    01001   0   833480      1890414
0212304011840DCSOPEN      16316 23665249CANTERRA    011   178 10     0      0890414
0212504011845DCSOPEN      16316 23665249AIRCO2      01001   0   125290      2890414
0212504011845DCSOPEN      16316 23665249AIRCO2      011    38 10     0      0890414
0217305011855DCSMINN      16316365203249HUSKY OIL   01001   0   887915      1890501
0217305011855DCSMINN      16316365203249HUSKY OIL   011   193 10     0      0890501
0217405011903DCSMINN      16316365203249AIRCO       01001   0  1493810      2890501
0217405011903DCSMINN      16316365203249AIRCO       011   353 10     0      0890501
0217505011906DCSMINN      16316365203249AIRCO2      01001   0   116245      2890501
0217505011906DCSMINN      16316365203249AIRCO2      011    32 10     0      0890501
0222606011855DCSMINN      16316365203249HUSKY OIL   01001   0  1024870      1890601
0222606011855DCSMINN      16316365203249HUSKY OIL   011   218 10     0      0890601
0222706011904DCSMINN      16316365203249AIRCO       01001   0  1563540      2890601
0222706011904DCSMINN      16316365203249AIRCO       011   364 10     0      0890601
0222806011907DCSMINN      16316365203249AIRCO2      01001   0   126490      2890601
0222806011907DCSMINN      16316365203249AIRCO2      011    37 10     0      0890601
0226307011843DCSMINN      16316365203249HUSKY OIL   01001   0   733715      1890702
0226307011843DCSMINN      16316365203249HUSKY OIL   011   170 10     0      0890702
0226407011848DCSMINN      16316365203249AIRCO       01001   0  1628755      2890702
0226407011848DCSMINN      16316365203249AIRCO       011   373 10     0      0890702
0226507011849DCSMINN      16316365203249AIRCO2      01001   0   108455      2890702
0226507011849DCSMINN      16316365203249AIRCO2      011    35 10     0      0890702
0230508011835DCSMINN      16316365203249HUSKY OIL   01001   0   733715      1890801
0230508011835DCSMINN      16316365203249HUSKY OIL   011   170 10     0      0890801
0230608011908DCSMINN      16316365203249AIRCO       01001   0  1704440      2890801
0230608011908DCSMINN      16316365203249AIRCO       011   399 10     0      0890801
0230708011911DCSMINN      16316365203249AIRCO2      01001   0   118410      2890801
0230708011911DCSMINN      16316365203249AIRCO2      011    36 10     0      0890801
0231108020956DCSMINN      16316365203249AIRCO2      01001   0   123280      2890802
0231108020956DCSMINN      16316365203249AIRCO2      011    40 10     0      0890802
0231008020954DCSMINN      16316365203249AIRCO       01001   0  1721655      2890802
0231008020954DCSMINN      16316365203249AIRCO       011   415 10     0      0890802
0230908020948DCSMINN      16316365203249HUSKY OIL   01001   0   932460      1890802
0230908020948DCSMINN      16316365203249HUSKY OIL   011   195 10     0      0890802
0230808020846DCSMINN      16316365203249HUSKY OIL   01001   0   932460      1890802
0230808020846DCSMINN      16316365203249HUSKY OIL   011   195 10     0      0890802
0235109011844DCSMINN      16316365203249HUSKY OIL   01001   0   775205      1890922
0235109011844DCSMINN      16316365203249HUSKY OIL   011   168 10     0      0890922
0235209011853DCSMINN      16316365203249AIRCO       01001   0  1725665      2890922
0235209011853DCSMINN      16316365203249AIRCO       011   405 10     0      0890922
0235309011854DCSMINN      16316365203249AIRCO2      01001   0   110255      2890922
0235309011854DCSMINN      16316365203249AIRCO2      011    36 10     0      0890922
0239110011838DCSMINN      16316365203249HUSKY OIL   01001   0   674165      1891001
0239110011838DCSMINN      16316365203249HUSKY OIL   011   156 10     0      0891001
0239210011845DCSMINN      16316365203249AIRCO       01001   0  1528530      2891001
0239210011845DCSMINN      16316365203249AIRCO       011   375 10     0      0891001
0239310011845DCSMINN      16316365203249AIRCO2      01001   0    90360      2891001
0239310011845DCSMINN      16316365203249AIRCO2      011    36 10     0      0891001
0242211011848DCSMINN      16316365203249HUSKY OIL   01001   0   817080      1891101
0242211011848DCSMINN      16316365203249HUSKY OIL   011   175 10     0      0891101
0242311011859DCSMINN      16316365203249AIRCO       01001   0  1694980      2891101
0242311011859DCSMINN      16316365203249AIRCO       011   405 10     0      0891101
0242411011901DCSMINN      16316365203249AIRCO2      01001   0   145585      2891101
0242411011901DCSMINN      16316365203249AIRCO2      011    42 10     0      0891101
0347312011859DCSMINN      16316365203249AIRCO2      01001   0   109530      2891202
0347312011859DCSMINN      16316365203249AIRCO2      011    36 10     0      0891202
0348812081230DCSMINN      16316365203249AIRCO2      01001   0   109530      2891208
0348812081230DCSMINN      16316365203249AIRCO2      011    36 10     0      0891208
0348712081226DCSMINN      16316365203249AIRCO       01001   0  1617970      2891208
0348712081226DCSMINN      16316365203249AIRCO       011   388 10     0      0891208
0348612081222DCSMINN      16316365203249HUSKY OIL   01001   0   700140      1891208
0348612081222DCSMINN      16316365203249HUSKY OIL   011   165 10     0      0891208
0351001021849DCSMINN      16316365203249HUSKY OIL   01001   0   737690      1900102
0351001021849DCSMINN      16316365203249HUSKY OIL   011   168 10     0      0900102
0351101021901DCSMINN      16316365203249AIRCO       01001   0  1590030      2900102
0351101021901DCSMINN      16316365203249AIRCO       011   381 10     0      0900102
0351201021903DCSMINN      16316365203249AIRCO2      01001   0    88130      2900102
0351201021903DCSMINN      16316365203249AIRCO2      011    34 10     0      0900102
0356002011849DCSMINN      16316365203249HUSKY OIL   01001   0   661710      1900201
0356002011849DCSMINN      16316365203249HUSKY OIL   011   154 10     0      0900201
0356102011903DCSMINN      16316365203249AIRCO       01001   0  1789880      2900201
0356102011903DCSMINN      16316365203249AIRCO       011   414 10     0      0900201
0356202011905DCSMINN      16316365203249AIRCO2      01001   0   134830      2900201
0356202011905DCSMINN      16316365203249AIRCO2      011    44 10     0      0900201
0361103011845DCSMINN      16316365203249HUSKY OIL   01001   0   581725      1900302
0361103011845DCSMINN      16316365203249HUSKY OIL   011   144 10     0      0900302
0361203011854DCSMINN      16316365203249AIRCO       01001   0  1856280      2900302
0361203011854DCSMINN      16316365203249AIRCO       011   439 10     0      0900302
0361303011856DCSMINN      16316365203249AIRCO2      01001   0   100120      2900302
0361303011856DCSMINN      16316365203249AIRCO2      011    37 10     0      0900302
0363804011838DCSMINN      16316365203249HUSKY OIL   01001   0   575390      1900401
0363804011838DCSMINN      16316365203249HUSKY OIL   011   145 10     0      0900401
0363904011846DCSMINN      16316365203249AIRCO       01001   0  1847490      2900402
0363904011846DCSMINN      16316365203249AIRCO       011   435 10     0      0900402
0364004011847DCSMINN      16316365203249AIRCO2      01001   0   123565      2900402
0364004011847DCSMINN      16316365203249AIRCO2      011    38 10     0      0900402
0279609021854DCSMINN      16316365203249AIRCO2      01001   0   109855      2900903
0279609021854DCSMINN      16316365203249AIRCO2      011    37 10     0      0900903
0279409021844DCSMINN      16316365203249HUSKY OIL   01001   0   604245      1900903
0279409021844DCSMINN      16316365203249HUSKY OIL   011   150 10     0      0900903
0279509021853DCSMINN      16316365203249AIRCO       01001   0  2093255      2900903
0279509021853DCSMINN      16316365203249AIRCO       011   474 10     0      0900903
0383710021850DCSMINN      16316365203249HUSKY OIL   01001   0   367140      1901003
0383710021850DCSMINN      16316365203249HUSKY OIL   011   119 10     0      0901003
0383810021900DCSMINN      16316365203249AIRCO       01001   0  1839900      2901003
0383810021900DCSMINN      16316365203249AIRCO       011   431 10     0      0901003
0383910021901DCSMINN      16316365203249AIRCO2      01001   0   136765      2901003
0383910021901DCSMINN      16316365203249AIRCO2      011    43 10     0      0901003
0384210030642DCSMINN      16316365203249HUSKY OIL   01001   0   367140      1901003
0384210030642DCSMINN      16316365203249HUSKY OIL   011   119 10     0      0901003
0387811021848DCSMINN      16316365203249HUSKY OIL   01001   0   265975      1901102
0387811021848DCSMINN      16316365203249HUSKY OIL   011   116 10     0      0901102
0387911021905DCSMINN      16316365203249AIRCO       01001   0  2035645      2901103
0387911021905DCSMINN      16316365203249AIRCO       011   462 10     0      0901103
0289011190652FREMUR           1 16367  0MURRPT.WKY  01001   0    42000      3901119
0289011190652FREMUR           1 16367  0MURRPT.WKY  011    11 10     0      0901119
0289711260250FREMUR           1 16367  0MURWKY.RPT  01001   0    41760      3901126
0289711260250FREMUR           1 16367  0MURWKY.RPT  011    11 10     0      0901126
0289912021849DCSMINN      16316365203249HUSKY OIL   01001   0   599135      1901202
0289912021849DCSMINN      16316365203249HUSKY OIL   011   161 10     0      0901202
0290012021858DCSMINN      16316365203249AIRCO       01001   0  1929485      2901202
0290012021858DCSMINN      16316365203249AIRCO       011   440 10     0      0901202
0290112021859DCSMINN      16316365203249AIRCO2      01001   0    94720      2901202
0290112021859DCSMINN      16316365203249AIRCO2      011    37 10     0      0901202
0290512030904FREMUR           1 16367  0MURRPT.WKY  01001   0    41800      3901203
0290512030904FREMUR           1 16367  0MURRPT.WKY  011    11 10     0      0901203
0290812031013FREMUR           1 16367  0MURRPT.FION 01001   0    46805      3901203
0290812031013FREMUR           1 16367  0MURRPT.FION 011    11 10     0      0901203
0391212041106DCSMINN      16316365203249HUSKY OIL   01001   0   613035      1901204
0391212041106DCSMINN      16316365203249HUSKY OIL   011   163 10     0      0901204
0391412041119DCSMINN      16316365203249AIRCO2      01001   0    96280      2901204
0391412041119DCSMINN      16316365203249AIRCO2      011    37 10     0      0901204
0391312041118DCSMINN      16316365203249AIRCO       01001   0  1985820      2901204
0391312041118DCSMINN      16316365203249AIRCO       011   446 10     0      0901204
0292112100913FREMUR           1 16367  0MURRPT.WKY  01001   0    41920      3901210
0292112100913FREMUR           1 16367  0MURRPT.WKY  011    11 10     0      0901210
0293112170934FREMUR           1 16367  0MURRPT.WKY  01001   0    42040      3901217
0293112170934FREMUR           1 16367  0MURRPT.WKY  011    11 10     0      0901217
0393812270944FREMUR           1 16367  0MURRPT.WKY  01001   0    41920      3901227
0393812270944FREMUR           1 16367  0MURRPT.WKY  011    11 10     0      0901227
0394312311102FREMUR           1 16367  0MURRPT.WKY  01001   0    42070      3901231
0394312311102FREMUR           1 16367  0MURRPT.WKY  011    11 10     0      0901231
0394801020816FREMUR           1 16367  0MURRPT.FIN  01001   0    46895      3910102
0394801020816FREMUR           1 16367  0MURRPT.FIN  011    11 10     0      0910102
0394501020801DCSMINN      16316365203249HUSKY OIL   01001   0   458530      1910102
0394501020801DCSMINN      16316365203249HUSKY OIL   011   123 10     0      0910102
0295401070958FREMUR           1 16367  0MURRPT.WKLY 01001   0    41740      3910107
0295401070958FREMUR           1 16367  0MURRPT.WKLY 011    11 10     0      0910107
0396401140748FREMUR           1 16367  0MURRPT.WKY  01001   0    41850      3910114
0396401140748FREMUR           1 16367  0MURRPT.WKY  011    11 10     0      0910114
0297801210848FREMUR           1 16367  0MURRPT.WKY  01001   0    41920      3910121
0297801210848FREMUR           1 16367  0MURRPT.WKY  011    11 10     0      0910121
0298301280748FREMUR           1 16367  0MURRPT.WKY  01001   0    41810      3910128
0298301280748FREMUR           1 16367  0MURRPT.WKY  011    11 10     0      0910128
0298702010937FREMUR           1 16367  0MURRPT.FIN  01001   0    46745      3910201
0298702010937FREMUR           1 16367  0MURRPT.FIN  011    11 10     0      0910201
0298902021904DCSMINN      16316365203249AIRCO       01001   0  2006495      2910202
0298902021904DCSMINN      16316365203249AIRCO       011   457 10     0      0910202
0299402040840FREMUR           1 16367  0MURRPT.WKY  01001   0    42010      3910204
0299402040840FREMUR           1 16367  0MURRPT.WKY  011    11 10     0      0910204
0200902110846FREMUR           1 16367  0MURRPT.WKY  01001   0    42000      3910211
0200902110846FREMUR           1 16367  0MURRPT.WKY  011    11 10     0      0910211
0301702190826FREMUR           1 16367  0MURRPT.WKY  01001   0    41830      3910219
0301702190826FREMUR           1 16367  0MURRPT.WKY  011    11 10     0      0910219
0202702250808FREMUR           1 16367  0MURRPT.WKY  01001   0    41870      3910225
0202702250808FREMUR           1 16367  0MURRPT.WKY  011    11 10     0      0910225
0203003010719FREMUR           1 16367  0MURRPT.FIN  01001   0    46695      3910301
0203003010719FREMUR           1 16367  0MURRPT.FIN  011    11 10     0      0910301
0203203021100DCSMINN      16316365203249AIRCO2      01001   0   104825      1910302
0203203021100DCSMINN      16316365203249AIRCO2      011    33 10     0      0910302
0203503040806FREMUR           1 16367  0MURRPT.WKY  01001   0    41970      3910304
0203503040806FREMUR           1 16367  0MURRPT.WKY  011    11 10     0      0910304
0204103110954FREMUR           1 16367  0MURRPT.WKY  01001   0    41850      3910311
0204103110954FREMUR           1 16367  0MURRPT.WKY  011    11 10     0      0910311
0205203180827FREMUR           1 16367  0MURRPT.WKY  01001   0    41900      3910318
0205203180827FREMUR           1 16367  0MURRPT.WKY  011    11 10     0      0910318
0205903250845FREMUR           1 16367  0MURRPT.WKY  01001   0    41970      3910325
0205903250845FREMUR           1 16367  0MURRPT.WKY  011    11 10     0      0910325
0206304010814FREMUR           1 16367  0MURRPT.WKY  01001   0    41800      3910401
0206304010814FREMUR           1 16367  0MURRPT.WKY  011    11 10     0      0910401
0206504010849FREMUR           1 16367  0MURRPT.FIN  01001   0    46635      3910401
0206504010849FREMUR           1 16367  0MURRPT.FIN  011    11 10     0      0910401
0307204041442DCSMINN      16316365203249AIRCO2      01001   0   110975      2910404
0307204041442DCSMINN      16316365203249AIRCO2      011    38 10     0      0910404
0307004041433DCSMINN      16316365203249AIRCO       01001   0   100093      2910404
0307004041433DCSMINN      16316365203249AIRCO       011   487 10     0      0910404
0207504050647DCSMINN      16316365203249AIRCO       01001   0  1800480      2910405
0207504050647DCSMINN      16316365203249AIRCO       011   416 10     0      0910405
0207604050649DCSMINN      16316365203249AIRCO2      01001   0   102425      1910405
0207604050649DCSMINN      16316365203249AIRCO2      011    27 10     0      0910405
0208804080815FREMUR           1 16367  0MURRPT.WKY  01001   0    41810      3910408
0208804080815FREMUR           1 16367  0MURRPT.WKY  011    11 10     0      0910408
0210904220737FREMUR           1 16367  0MURRPT.WKY  01001   0    41800      3910422
0210904220737FREMUR           1 16367  0MURRPT.WKY  011    11 10     0      0910422
0211504290852FREMUR           1 16367  0MURRPT.WKY  01001   0    41810      3910429
0211504290852FREMUR           1 16367  0MURRPT.WKY  011    11 10     0      0910429
0211905010804FREMUR           1 16367  0MURRPT.FIN  01001   0    46535      3910501
0211905010804FREMUR           1 16367  0MURRPT.FIN  011    11 10     0      0910501
0212305020750DCSMINN      16316365203249AIRCO       01001   0    36158      2910502
0212305020750DCSMINN      16316365203249AIRCO       011   483 10     0      0910502
0212505021051DCSMINN      16316365203249AIRCO2      01001   0    94485      1910502
0212505021051DCSMINN      16316365203249AIRCO2      011    32 10     0      0910502
0212905060928FREMUR           1 16367  0MURRPT.WKY  01001   0    42030      3910506
0212905060928FREMUR           1 16367  0MURRPT.WKY  011    11 10     0      0910506
0213305140933FREMUR           1 16367  0MURRPT.WKY  01001   0    41810      3910514
0213305140933FREMUR           1 16367  0MURRPT.WKY  011    11 10     0      0910514
0213705200833FREMUR           1 16367  0MURRPT.WKY  01001   0    41900      3910520
0213705200833FREMUR           1 16367  0MURRPT.WKY  011    11 10     0      0910520
0215005280846FREMUR           1 16367  0MURRPT.WKY  01001   0    41970      3910528
0215005280846FREMUR           1 16367  0MURRPT.WKY  011    11 10     0      0910528
0215306020634DCSMINN      16316365203249AIRCO       01001   0   129988      2910602
0215306020634DCSMINN      16316365203249AIRCO       011   492 10     0      0910602
0215406020637DCSMINN      16316365203249AIRCO2      01001   0    84440      2910602
0215406020637DCSMINN      16316365203249AIRCO2      011    33 10     0      0910602
0215806040143FREMUR           1 16367  0MURRPT.WKY  01001   0    42130      3910604
0215806040143FREMUR           1 16367  0MURRPT.WKY  011    11 10     0      0910604
0216006040242FREMUR           1 16367  0MURRPT.FIN  01001   0    46615      3910604
0216006040242FREMUR           1 16367  0MURRPT.FIN  011    11 10     0      0910604
0217106100727FREMUR           1 16367  0MURRPT.WKY  01001   0    42050      3910610
0217106100727FREMUR           1 16367  0MURRPT.WKY  011    11 10     0      0910610
0218006170919FREMUR           1 16367  0MURRPT.WKYT 01001   0    41810      3910617
0218006170919FREMUR           1 16367  0MURRPT.WKYT 011    11 10     0      0910617
0218706240807FREMUR           1 16367  0MURRPT.WKY  01001   0    41980      3910624
0218706240807FREMUR           1 16367  0MURRPT.WKY  011    11 10     0      0910624
0319507010920FREMUR           1 16367  0MURRPT.FIN  01001   0    46345      3910701
0319507010920FREMUR           1 16367  0MURRPT.FIN  011    11 10     0      0910701
0219707020636DCSMINN      16316365203249AIRCO       01001   0   318368      2910702
0219707020636DCSMINN      16316365203249AIRCO       011   524 10     0      0910702
0219807020639DCSMINN      16316365203249AIRCO2      01001   0   100725      2910702
0219807020639DCSMINN      16316365203249AIRCO2      011    36 10     0      0910702
0219307010750FREMUR           1 16367  0MURRPT.WKY  01001   0    41830      3910705
0219307010750FREMUR           1 16367  0MURRPT.WKY  011    11 10     0      0910705
0220107080926FREMUR           1 16367  0MURRPT.WKY  01001   0    41790      3910708
0220107080926FREMUR           1 16367  0MURRPT.WKY  011    12 10     0      0910708
0221007150852FREMUR           1 16367  0MURPT.WKY   01001   0    41810      3910715
0221007150852FREMUR           1 16367  0MURPT.WKY   011    11 10     0      0910715
0221807220905FREMUR           1 16367  0MURRPT.WKY  01001   0    41680      3910722
0221807220905FREMUR           1 16367  0MURRPT.WKY  011    11 10     0      0910722
0222507290810FREMUR           1 16367  0MURRPT.WKY  01001   0    41580      3910729
0222507290810FREMUR           1 16367  0MURRPT.WKY  011    11 10     0      0910729
0322808010848FREMUR           1 16367  0MURRPT.FIN  01001   0    46425      3910801
0322808010848FREMUR           1 16367  0MURRPT.FIN  011    11 10     0      0910801
0323308020640DCSMINN      16316365203249AIRCO       01001   0   116463      2910802
0323308020640DCSMINN      16316365203249AIRCO       011   502 10     0      0910802
0323408020643DCSMINN      16316365203249AIRCO2      01001   0    91635      2910802
0323408020643DCSMINN      16316365203249AIRCO2      011    34 10     0      0910802
0323808050838FREMUR           1 16367  0MURRPT.WKYU 01001   0    41600      3910805
0323808050838FREMUR           1 16367  0MURRPT.WKYU 011    11 10     0      0910805
0225808121009FREMUR           1 16367  0MURRPT/WKY  01001   0    37570      3910812
0225808121009FREMUR           1 16367  0MURRPT/WKY  011    10 10     0      0910812
0226408190815FREMUR           1 16367  0MURRPT.WKY  01001   0    37800      3910820
0226408190815FREMUR           1 16367  0MURRPT.WKY  011    10 10     0      0910820
0226908260914FREMUR           1 16367  0MURRPT.WKY  01001   0    37840      3910826
0226908260914FREMUR           1 16367  0MURRPT.WKY  011    10 10     0      0910826
0328209020618DCSMINN      16316365203249AIRCO       01001   0   104893      2910902
0328209020618DCSMINN      16316365203249AIRCO       011   489 10     0      0910902
0228509030708DCSMINN      16316365203249AIRCO2      01001   0   103065      1910903
0228509030708DCSMINN      16316365203249AIRCO2      011    34 10     0      0910903
0228709030650FREMUR           1 16367  0MURRPT.WKY  01001   0    37870      3910903
0228709030650FREMUR           1 16367  0MURRPT.WKY  011    10 10     0      0910903
0328909030735FREMUR           1 16367  0MURRPT.FIN  01001   0    46365      3910903
0328909030735FREMUR           1 16367  0MURRPT.FIN  011    11 10     0      0910903
0229809090912FREMUR           1 16367  0MURRPT.WKY  01001   0    37960      3910909
0229809090912FREMUR           1 16367  0MURRPT.WKY  011    10 10     0      0910909
0230609160834FREMUR           1 16367  0MURRPT.WKY  01001   0    37790      3910916
0230609160834FREMUR           1 16367  0MURRPT.WKY  011    10 10     0      0910916
0331309230801FREMUR           1 16367  0MURRPT.WKY  01001   0    37850      3910923
0331309230801FREMUR           1 16367  0MURRPT.WKY  011    11 10     0      0910923
0232509300759FREMUR           1 16367  0MURRPT.WKY  01001   0    37890      3910930
0232509300759FREMUR           1 16367  0MURRPT.WKY  011    10 10     0      0910930
0232810010824FREMUR           1 16367  0MURRPT.FIN  01001   0    46515      3911001
0232810010824FREMUR           1 16367  0MURRPT.FIN  011    11 10     0      0911001
0233110020707DCSMINN      16316365203249AIRCO       01001   0  2092375      2911002
0233110020707DCSMINN      16316365203249AIRCO       011   485 10     0      0911002
0234010070729FREMUR           1 16367  0MURRPT.WKY  01001   0    37750      3911007
0234010070729FREMUR           1 16367  0MURRPT.WKY  011    10 10     0      0911007
0334510140840FREMUR           1 16367  0MURRPT.WKY  01001   0    33620      3911014
0334510140840FREMUR           1 16367  0MURRPT.WKY  011     9 10     0      0911014
0236110280808FREMUR           1 16367  0MURRPT.WKY  01001   0    33880      3911028
0236110280808FREMUR           1 16367  0MURRPT.WKY  011     9 10     0      0911028
0236211010624DCSMINN      16316365203249AIRCO       01001   0  2094370      2911101
0236211010624DCSMINN      16316365203249AIRCO       011   486 10     0      0911101
0336411010919DCSMINN      16316365203249AIRCO       01001   0   146198      2911101
0336411010919DCSMINN      16316365203249AIRCO       011   499 10     0      0911101
0336511010923DCSMINN      16316365203249AIRCO2      01001   0   104300      2911101
0336511010923DCSMINN      16316365203249AIRCO2      011    33 10     0      0911101
0336711010817FREMUR           1 16367  0MURRPT.FIN  01001   0    46615      3911101
0336711010817FREMUR           1 16367  0MURRPT.FIN  011    11 10     0      0911101
0337311040844FREMUR           1 16367  0MURRPT.WKY  01001   0    33660      3911104
0337311040844FREMUR           1 16367  0MURRPT.WKY  011     9 10     0      0911104
0337911111636FREMUR           1 16367  0WK1104      01001   0    33670      3911111
0337911111636FREMUR           1 16367  0WK1104      011     9 10     0      0911111
0338511172244SILVAM           1230617  0WK1111      01001   0    33740      3911117
0338511172244SILVAM           1230617  0WK1111      011     9 10     0      0911117
0339411242334SILVAM           1230617  0WK1118      01001   0    33770      3911124
0339411242334SILVAM           1230617  0WK1118      011     9 10     0      0911124
0239812010636DCSMINN      16316365203249AIRCO2      01001   0    80275      2911201
0239812010636DCSMINN      16316365203249AIRCO2      011    29 10     0      0911201
0339712010634DCSMINN      16316365203249AIRCO       01001   0  2007175      2911201
0339712010634DCSMINN      16316365203249AIRCO       011   457 10     0      0911201
0341112082248FREMUR           1 16367  0WK1202      01001   0    33540      3911208
0341112082248FREMUR           1 16367  0WK1202      011     9 10     0      0911208
0341512152254FREMUR           1 16367  0WK1209      01001   0    33670      3911215
0341512152254FREMUR           1 16367  0WK1209      011     9 10     0      0911215
0242301020635DCSMINN      16316365203249AIRCO2      01001   0   108205      2920102
0242301020635DCSMINN      16316365203249AIRCO2      011    32 10     0      0920102
0242601020900FREMUR           1 16367  0MURRPT.FIN  01001   0    46335      3920102
0242601020900FREMUR           1 16367  0MURRPT.FIN  011    11 10     0      0920102
0242201020633DCSMINN      16316365203249AIRCO       01001   0   234543      2920102
0242201020633DCSMINN      16316365203249AIRCO       011   510 10     0      0920102
0344901122303FREMUR           1 16367  0WK0106      01001   0    33780      3920112
0344901122303FREMUR           1 16367  0WK0106      011     9 10     0      0920112
0346201192301FREMUR           1 16367  0WK0113      01001   0    33720      3920119
0346201192301FREMUR           1 16367  0WK0113      011     9 10     0      0920119
0346901262256FREMUR           1 16367  0WK0120      01001   0    33610      3920126
0346901262256FREMUR           1 16367  0WK0120      011     9 10     0      0920126
0347402022328FREMUR           1 16367  0WK0127      01001   0    33650      3920202
0347402022328FREMUR           1 16367  0WK0127      011     9 10     0      0920202
0347602022335FREMUR           1 16367  0MTHJAN      01001   0    42105      3920202
0347602022335FREMUR           1 16367  0MTHJAN      011    10 10     0      0920202
0247802030756DCSMINN      16316365203249AIRCO2      01001   0    80195      2920203
0247802030756DCSMINN      16316365203249AIRCO2      011    29 10     0      0920203
0347702030753DCSMINN      16316365203249AIRCO       01001   0   446688      2920203
0347702030753DCSMINN      16316365203249AIRCO       011   553 10     0      0920203
0348802092324FREMUR           1 16367  0WK0203      01001   0    33810      3920209
0348802092324FREMUR           1 16367  0WK0203      011     9 10     0      0920209
0350502172209FREMUR           1 16367  0WK0210      01001   0    33740      3920217
0350502172209FREMUR           1 16367  0WK0210      011     9 10     0      0920217
0351602240019FREMUR           1 16367  0WK0217      01001   0    33840      3920224
0351602240019FREMUR           1 16367  0WK0217      011     9 10     0      0920224
0352903021904FREMUR           1 16367  0WK0224      01001   0    33700      3920302
0352903021904FREMUR           1 16367  0WK0224      011     9 10     0      0920302
0353103021908FREMUR           1 16367  0MTHFEB      01001   0    42055      3920302
0353103021908FREMUR           1 16367  0MTHFEB      011    10 10     0      0920302
0353403030639DCSMINN      16316365203249AIRCO       01001   0   499138      2920303
0353403030639DCSMINN      16316365203249AIRCO       011   564 10     0      0920303
0353503030641DCSMINN      16316365203249AIRCO2      01001   0    82445      2920303
0353503030641DCSMINN      16316365203249AIRCO2      011    30 10     0      0920303
0354103091941FREMUR           1 16367  0MURRPT.WKY  01001   0    33670      3920309
0354103091941FREMUR           1 16367  0MURRPT.WKY  011     9 10     0      0920309
0354803162000FREMUR           1 16367  0WEEKLY 3/09/01001   0    33720      3920316
0354803162000FREMUR           1 16367  0WEEKLY 3/09/011     9 10     0      0920316
0355903232305FREMUR           1 16367  0WK0316.PDP  01001   0    33590      3920323
0355903232305FREMUR           1 16367  0WK0316.PDP  011     9 10     0      0920323
0356603292313FREMUR           1 16367  0WK0323      01001   0    33800      3920329
0356603292313FREMUR           1 16367  0WK0323      011     9 10     0      0920329
0358004020219FREMUR           1 16367  0MONMURS     01001   0    37675      3920402
0358004020219FREMUR           1 16367  0MONMURS     011     9 10     0      0920402
0358504052312FREMUR           1 16367  0WK0330      01001   0    33750      3920405
0358504052312FREMUR           1 16367  0WK0330      011     9 10     0      0920405
0361304200047FREMUR           1 16367  0WK0413      01001   0    33810      3920420
0361304200047FREMUR           1 16367  0WK0413      011     9 10     0      0920420
0362104262225FREMUR           1 16367  0WK0420      01001   0    33780      3920426
0362104262225FREMUR           1 16367  0WK0420      011     9 10     0      0920426
0363205011913DCSMINN      16316365203249AIRCO2      01001   0    94920      2920502
0363205011913DCSMINN      16316365203249AIRCO2      011    31 10     0      0920502
0363105011910DCSMINN      16316365203249AIRCO       01001   0   489523      2920502
0363105011910DCSMINN      16316365203249AIRCO       011   558 10     0      0920502
0363405041747SILVAM           1230617  0WK0427      01001   0    31910      2920504
0363405041747SILVAM           1230617  0WK0427      011     8 10     0      0920504
0363505042102FREMUR           1 16367  0MONTHLY     01001   0    35695      2920504
0363505042102FREMUR           1 16367  0MONTHLY     011     8 10     0      0920504
0366405102326FREMUR           1 16367  0WK0504      01001   0    33700      3920511
0366405102326FREMUR           1 16367  0WK0504      011     9 10     0      0920511
0367305172328FREMUR           1 16367  0WK0511      01001   0    32090      2920518
0367305172328FREMUR           1 16367  0WK0511      011     8 10     0      0920518
0371205312252FREMUR           1 16367  0WK0525      01001   0    31860      2920531
0371205312252FREMUR           1 16367  0WK0525      011     8 10     0      0920531
0372406021729FREMUR           1 16367  0MONTHLY MURS01001   0    35745      2920602
0372406021729FREMUR           1 16367  0MONTHLY MURS011     8 10     0      0920602
0373806080001FREMUR           1 16367  0WK0601      01001   0    31960      2920608
0373806080001FREMUR           1 16367  0WK0601      011     8 10     0      0920608
0274706142242FREMUR           1 16367  0WK0608      01001   0    31900      2920614
0274706142242FREMUR           1 16367  0WK0608      011     8 10     0      0920614
0382706222115FREMUR           1 16367  0WK0615      01001   0    32000      2920622
0382706222115FREMUR           1 16367  0WK0615      011     8 10     0      0920622
0285407011945DCSMINN      16316365203249AIRCO       01001   0   261643      2920702
0285407011945DCSMINN      16316365203249AIRCO       011   538 10     0      0920702
0386007060116FREMUR           1 16367  0WK0629      01001   0    32210      2920706
0386007060116FREMUR           1 16367  0WK0629      011     8 10     0      0920706
0387407122306FREMUR           1 16367  0WK0706      01001   0    32050      2920712
0387407122306FREMUR           1 16367  0WK0706      011     8 10     0      0920712
0288007202113FREMUR           1 16367  0WEEKLY MUR  01001   0    31890      2920720
0288007202113FREMUR           1 16367  0WEEKLY MUR  011     8 10     0      0920720
0389607272314OPER             1    21  0WEEKLY MUR  01001   0    32070      2920727
0389607272314OPER             1    21  0WEEKLY MUR  011     8 10     0      0920727
0290808031932DCSMINN      16316365203249AIRCO       01001   0   514168      2920804
0290808031932DCSMINN      16316365203249AIRCO       011   564 10     0      0920804
0392708242118SILVAM           1230617  0WK0817      01001   0    32040      2920824
0392708242118SILVAM           1230617  0WK0817      011     8 10     0      0920824
0393708312238FREMUR           1 16367  0WK0824.SIT  01001   0    31910      2920831
0393708312238FREMUR           1 16367  0WK0824.SIT  011     8 10     0      0920831
0294009011916DCSMINN      16316365203249AIRCO       01001   0   501268      2920902
0294009011916DCSMINN      16316365203249AIRCO       011   562 10     0      0920902
0294109011919DCSMINN      16316365203249AIRCO2      01001   0    96120      2920902
0294109011919DCSMINN      16316365203249AIRCO2      011    32 10     0      0920902
0394309021858DCSMINN      16316365203249AIRCO       01001   0   504258      2920902
0394309021858DCSMINN      16316365203249AIRCO       011   562 10     0      0920902
0294409021900DCSMINN      16316365203249AIRCO2      01001   0    96120      2920902
0294409021900DCSMINN      16316365203249AIRCO2      011    32 10     0      0920902
0394609022337FREMUR           1 16367  0MONTHLY MURS01001   0    36060      2920903
0394609022337FREMUR           1 16367  0MONTHLY MURS011     8 10     0      0920903
0394809072245FREMUR           1 16367  0WK0831.SIT  01001   0    31880      2920908
0394809072245FREMUR           1 16367  0WK0831.SIT  011     8 10     0      0920908
0295409141712FREMUR           1 16367  0WK0907.SIT  01001   0    31950      2920914
0295409141712FREMUR           1 16367  0WK0907.SIT  011     8 10     0      0920914
0396709211813OPER             1    21  0WK0914.SIT  01001   0    31780      2920921
0396709211813OPER             1    21  0WK0914.SIT  011     8 10     0      0920921
0398210052127SILVAM           1230617  0WK0928      01001   0    31870      2921005
0398210052127SILVAM           1230617  0WK0928      011     8 10     0      0921005
0398410062200SILVAM           1230617  0MTHSEP      01001   0    36080      2921006
0398410062200SILVAM           1230617  0MTHSEP      011     8 10     0      0921006
0399010131623SILVAM           1230617  0WK1005      01001   0    31970      2921013
0399010131623SILVAM           1230617  0WK1005      011     8 10     0      0921013
0399210151910DCSMINN      16316365203249AIRCO       01001   0   676693      2921015
0399210151910DCSMINN      16316365203249AIRCO       011   589 10     0      0921015
0399610191836SILVAM           1230617  0WK1012      01001   0    31900      2921019
0399610191836SILVAM           1230617  0WK1012      011     8 10     0      0921019
0300810270037FREMUR           1 16367  0MUR         01001   0    32110      2921027
0300810270037FREMUR           1 16367  0MUR         011     8 10     0      0921027
0301211022230FREMUR           1 16367  0WK1026      01001   0    32100      2921102
0301211022230FREMUR           1 16367  0WK1026      011     8 10     0      0921102
0301411022231FREMUR           1 16367  0MTHOCT      01001   0    36250      2921102
0301411022231FREMUR           1 16367  0MTHOCT      011     8 10     0      0921102
0302411082338DCSMINN      16316365203249AIRCO       01001   0    13295      1921109
0302411082338DCSMINN      16316365203249AIRCO       011    13 10     0      0921109
0306011240024FREMUR           1 16367  0WEEKLY MURS 01001   0    31950      2921124
0306011240024FREMUR           1 16367  0WEEKLY MURS 011     8 10     0      0921124
0308312012005FREMUR           1 16367  0MONTHLY MURS01001   0    36510      2921201
0308312012005FREMUR           1 16367  0MONTHLY MURS011     8 10     0      0921201
0308012011948DCSMINN      16316365203249AIRCO       01001   0    57253      2921202
0308012011948DCSMINN      16316365203249AIRCO       011   486 10     0      0921202
0308112011952DCSMINN      16316365203249AIRCO2      01001   0   113520      2921202
0308112011952DCSMINN      16316365203249AIRCO2      011    34 10     0      0921202
0309412071910FREMUR           1 16367  0WEEKLY MURS 01001   0    32200      2921207
0309412071910FREMUR           1 16367  0WEEKLY MURS 011     8 10     0      0921207
0311712150853FREMUR           1 16367  0MURRPT      01001   0    32020      2921215
0311712150853FREMUR           1 16367  0MURRPT      011     8 10     0      0921215
0314112212309FREMUR           1 16367  0WEEKLY MURS 01001   0    31880      2921221
0314112212309FREMUR           1 16367  0WEEKLY MURS 011     8 10     0      0921221
0318201011931DCSMINN      16316365203249AIRCO       01001   0    11835      1930102
0318201011931DCSMINN      16316365203249AIRCO       011    14 10     0      0930102
0319901052112FREMUR           1 16367  0MURS        01001   0    63395      3930105
0319901052112FREMUR           1 16367  0MURS        011    15 10     0      0930105
0320201052303FREMUR           1 16367  0MURS        01001   0    63395      3930105
0320201052303FREMUR           1 16367  0MURS        011    15 10     0      0930105
0323401111752SILVAM           1230617  0WK0104      01001   0    31840      2930112
0323401111752SILVAM           1230617  0WK0104      011     8 10     0      0930112
0327001182013FREMUR           1 16367  0WK.MUR      01001   0    32040      2930118
0327001182013FREMUR           1 16367  0WK.MUR      011     8 10     0      0930118
0329801252340FREMUR           1 16367  0WKLY MUR    01001   0    32030      2930126
0329801252340FREMUR           1 16367  0WKLY MUR    011     8 10     0      0930126
0333002011948SILVAM           1230617  0WK0125      01001   0    31980      2930201
0333002011948SILVAM           1230617  0WK0125      011     8 10     0      0930201
0333202011950SILVAM           1230617  0MTHJAN      01001   0    36300      2930201
0333202011950SILVAM           1230617  0MTHJAN      011     8 10     0      0930201
0332902011955DCSMINN      16316365203249AIRCO       01001   0    10670      1930202
0332902011955DCSMINN      16316365203249AIRCO       011    11 10     0      0930202
0333802022104DCSMINN      16316365203249AIRCO       01001   0   313278      2930202
0333802022104DCSMINN      16316365203249AIRCO       011   516 10     0      0930202
0333902022109DCSMINN      16316365203249AIRCO2      01001   0    78430      2930202
0333902022109DCSMINN      16316365203249AIRCO2      011    25 10     0      0930202
0334002022312DCSMINN      16316365203249AIRCO       01001   0    66358      2930202
0334002022312DCSMINN      16316365203249AIRCO       011   488 10     0      0930202
0334102022314DCSMINN      16316365203249AIRCO2      01001   0   113220      2930202
0334102022314DCSMINN      16316365203249AIRCO2      011    34 10     0      0930202
0334602031929DCSMINN      16316365203249AIRCO       01001   0    19343      2930203
0334602031929DCSMINN      16316365203249AIRCO       011   499 10     0      0930203
0334702031931DCSMINN      16316365203249AIRCO2      01001   0    91825      2930203
0334702031931DCSMINN      16316365203249AIRCO2      011    31 10     0      0930203
0334802032041DCSMINN      16316365203249AIRCO       01001   0   211398      2930203
0334802032041DCSMINN      16316365203249AIRCO       011   530 10     0      0930203
0336402080008SILVAM           1230617  0WK0201      01001   0    23950      2930208
0336402080008SILVAM           1230617  0WK0201      011     6 10     0      0930208
0336702081703SILVAM           1230617  0WK0201      01001   0    23950      2930208
0336702081703SILVAM           1230617  0WK0201      011     6 10     0      0930208
0339302151753SILVAM           1230617  0WK0208      01001   0    23940      2930215
0339302151753SILVAM           1230617  0WK0208      011     6 10     0      0930215
0342602212358SILVAM           1230617  0WK0215      01001   0    24000      2930222
0342602212358SILVAM           1230617  0WK0215      011     6 10     0      0930222
0345103010018SILVAM           1230617  0WK0222      01001   0    23890      2930301
0345103010018SILVAM           1230617  0WK0222      011     6 10     0      0930301
0345603012023DCSMINN      16316365203249AIRCO2      01001   0    80485      2930302
0345603012023DCSMINN      16316365203249AIRCO2      011    30 10     0      0930302
0345503012019DCSMINN      16316365203249AIRCO       01001   0   142123      2930302
0345503012019DCSMINN      16316365203249AIRCO       011   504 10     0      0930302
0354803212323FREMUR           1 16367  0WK0315      01001   0    24000      2930322
0354803212323FREMUR           1 16367  0WK0315      011     6 10     0      0930322
0358604012004DCSMINN      16316365203249AIRCO       01001   0   406518      2930401
0358604012004DCSMINN      16316365203249AIRCO       011   555 10     0      0930401
0359104020035FREMUR           1 16367  0WK0329      01001   0    23710      2930402
0359104020035FREMUR           1 16367  0WK0329      011     6 10     0      0930402
0359304020210FREMUR           1 16367  0MURS        01001   0    36290      2930402
0359304020210FREMUR           1 16367  0MURS        011     8 10     0      0930402
0359604031006DCSMINN      16316365203249AIRCO       01001   0   408488      2930404
0359604031006DCSMINN      16316365203249AIRCO       011   555 10     0      0930404
0359804031222DCSMINN      16316365203249AIRCO2      01001   0    74275      1930404
0359804031222DCSMINN      16316365203249AIRCO2      011    22 10     0      0930404
0361204052259FREMUR           1 16367  0MUR         01001   0    23800      2930405
0361204052259FREMUR           1 16367  0MUR         011     6 10     0      0930405
0363104112343FREMUR           1 16367  0MUR         01001   0    23860      2930412
0363104112343FREMUR           1 16367  0MUR         011     6 10     0      0930412
0363504120057FREMUR           1 16367  0MUR         01001   0    23810      2930412
0363504120057FREMUR           1 16367  0MUR         011     6 10     0      0930412
0365404182251FREMUR           1 16367  0MUR         01001   0    23800      2930418
0365404182251FREMUR           1 16367  0MUR         011     6 10     0      0930418
0367604262249FREMUR           1 16367  0            01001   0    24180      2930426
0367604262249FREMUR           1 16367  0            011     6 10     0      0930426
0372705092315FREMUR           1 16367  0            01001   0    24030      2930509
0372705092315FREMUR           1 16367  0            011     6 10     0      0930509
0373405102223FREMUR           1 16367  0            01001   0     8090      2930510
0373405102223FREMUR           1 16367  0            011     2 10     0      0930510
0374805162252FREMUR           1 16367  0MUR         01001   0    23940      2930516
0374805162252FREMUR           1 16367  0MUR         011     6 10     0      0930516
0382106070037FREMUR           1 16367  0            01001   0    39840      2930607
0382106070037FREMUR           1 16367  0            011    10 10     0      0930607
0384706140003FREMUR           1 16367  0            01001   0    23910      2930614
0384706140003FREMUR           1 16367  0            011     6 10     0      0930614
0388406281855FREMUR           1 16367  0            01001   0    23970      2930628
0388406281855FREMUR           1 16367  0            011     6 10     0      0930628
0289107010725DCSMINN      16316365203249AIRCO       01001   0   452058      2930701
0289107010725DCSMINN      16316365203249AIRCO       011   546 10     0      0930701
0289207010727DCSMINN      16316365203249AIRCO2      01001   0    85830      2930701
0289207010727DCSMINN      16316365203249AIRCO2      011    29 10     0      0930701
0390407022116FREMUR           1 16367  0MUR         01001   0    35680      2930702
0390407022116FREMUR           1 16367  0MUR         011     8 10     0      0930702
0391907052023FREMUR           1 16367  0            01001   0    39480      2930705
0391907052023FREMUR           1 16367  0            011    10 10     0      0930705
0393907111825FREMUR           1 16367  0            01001   0    19980      2930711
0393907111825FREMUR           1 16367  0            011     5 10     0      0930711
0300807260045FREMUR           1 16367  0            01001   0    31780      2930726
0300807260045FREMUR           1 16367  0            011     8 10     0      0930726
0304008020049FREMUR           1 16367  0            01001   0    20040      2930802
0304008020049FREMUR           1 16367  0            011     5 10     0      0930802
0306008031723SILVAM           1230617  0MTHJUL      01001   0    26830      2930803
0306008031723SILVAM           1230617  0MTHJUL      011     6 10     0      0930803
8el6&