02026 01 11167
02040 01 3840
02045 01 2624
02050 01 10535
02057 01 4706
02066 01 11168
02067 01 11896
02071 01 5934
02113 01 14542
02124 01 6162
02145 01 1244
02146 01 1458
02154 01 2577
02155 01 11146
02156 01 14650
02161 01 15524
02163 01 11170
02230 01 14448
02235 01 14632
02244 01 1256
02246 01 11171
02252 01 11172
02256 01 11173
02261 01 3369
02263 01 6414
02265 01 660
02271 01 15525
02301 01 11174
02304 01 9124
02323 01 11175
02326 01 10698
02331 01 14633
02346 01 6809
02347 01 6507
02354 01 1938
02357 01 11328
02364 01 11329
02367 01 11331
02376 01 11334
02377 01 5474
02402 01 1105
02414 01 1630
02421 04 866
02425 01 1608
02432 01 11143
02435 01 11336
02440 01 11338
02443 01 9053
02446 01 11340
02453 01 11342
02465 01 11343
02475 01 14041
02503 01 10354
02507 01 728
02512 01 9472
02517 01 809
02521 01 11725
02531 01 8077
02544 01 9916
02545 01 3141
02550 01 7532
02557 01 11345
02564 01 5455
02565 01 11346
02566 01 11347
02570 01 11348
02606 01 325
02613 01 11350
02614 01 1720
02616 01 3519
02630 01 11351
02631 01 10171
02640 01 10571
02644 01 2535
02653 01 328
02655 01 11352
02657 02 2294
02665 01 548
02666 01 11361
02674 01 9897
02704 01 10661
02706 01 11362
02711 01 11364
02712 01 10883
02720 01 6945
02737 01 11367
02743 01 14655
02745 01 5537
02752 01 11816
02753 01 11369
02754 01 11371
02760 01 6957
02770 01 14593
02771 01 11373
03001 01 11374
03026 01 11376
03031 01 5760
03035 01 2591
03036 01 11377
03051 01 6185
03100 01 11378
03106 01 11380
03107 01 11382
03112 01 889
03114 01 7974
03120 01 11383
03122 01 11385
03123 01 6575
03125 01 11386
03137 01 8687
03144 01 11390
03151 01 9949
03152 01 11391
03154 01 11395
03165 01 3992
03166 01 11396
03167 01 5579
03204 01 11398
03213 01 11400
03224 01 1531
03235 01 10536
03254 01 10172
03263 01 11402
03266 01 11403
03300 01 2617
03302 01 11405
03312 03 9309
03324 01 11408
03344 01 893
03350 01 8904
03356 01 11410
03362 01 14587
03377 01 6213
03401 01 11413
03405 01 9286
03406 01 5321
03407 01 11415
03410 01 11444
03412 01 11445
03415 01 11446
03420 01 11447
03422 01 11716
03447 01 4747
03453 01 3000
03455 01 4501
03455 02 4501
03456 01 11449
03457 03 9577
03461 01 5600
03471 01 4100
03505 01 9589
03510 01 2190
03511 01 3189
03515 01 9282
03516 01 9248
03521 01 3227
03522 01 11450
03523 01 1755
03530 01 6323
03532 01 11451
03533 01 11452
03540 01 11611
03543 01 11453
03545 01 11454
03546 01 11455
03547 01 10815
03557 01 5660
03563 01 6270
03566 01 11456
03603 01 3323
03606 01 6212
03607 01 1495
03611 02 6322
03614 01 11457
03615 01 6554
03623 01 11458
03624 01 11459
03630 01 7246
03643 01 11461
03650 01 14600
03651 01 9073
03652 01 727
03653 01 11462
03654 01 11463
03655 01 1279
03657 01 11465
03661 01 11466
03662 01 11144
03663 01 5265
03666 01 11467
03673 01 11145
03675 01 11468
03677 01 6245
03701 01 7239
03704 01 11470
03705 01 11471
03706 01 11472
03707 01 1066
03707 02 1066
03712 01 8866
03720 01 7389
03725 01 3781
03726 01 11473
03731 01 11475
03737 01 3561
03774 01 6110
03775 01 11476
04000 01 11477
04002 01 10729
04002 02 10729
04004 01 10355
04014 01 11478
04020 01 904
04027 01 1367
04036 01 11147
04040 01 4837
04044 01 11480
04045 01 11481
04046 01 446
04060 01 3690
04061 01 905
04063 01 5999
04073 01 11482
04074 01 11483
04077 01 13450
04100 01 11484
04106 01 15526
04107 01 9356
04111 01 11486
04112 01 10710
04114 01 11488
04117 01 11489
04121 01 6214
04122 01 11490
04126 01 11491
04135 01 6378
04142 01 4066
04144 01 15527
04153 01 11492
04154 01 11493
04161 01 11494
04175 01 11497
04176 01 13648
04212 01 11498
04220 01 9259
04222 01 6244
04223 01 11205
04225 01 11218
04232 01 1236
04236 01 4251
04252 01 11219
04253 01 4283
04255 01 11220
04257 01 11221
04262 01 11222
04263 01 11142
04271 03 11818
04277 01 1626
04304 01 4363
04305 01 8747
04310 01 14637
04311 01 11223
04313 01 11224
04316 01 10684
04321 01 4412
04325 01 4424
04327 01 11225
04330 01 8751
04340 01 11226
04343 01 14651
04346 01 9836
04351 01 6242
04353 01 7718
04360 01 11228
04363 01 11229
04372 01 7403
04373 01 15528
04375 01 11230
04403 01 12224
04406 01 11231
04411 01 5792
04425 01 4602
04430 01 11232
04440 01 1553
04443 01 3845
04447 01 5857
04453 01 5013
04454 01 14656
04455 01 7940
04466 01 11233
04467 01 11234
04475 01 1944
04476 01 11235
04501 01 11236
04504 01 11237
04515 01 9950
04516 01 703
04525 01 4654
04527 01 15529
04530 01 1618
04542 01 11238
04556 01 2978
04603 01 11239
04620 01 14673
04650 01 11240
04653 01 10557
04661 01 14648
04666 01 4259
04667 01 5078
04671 01 5882
04672 01 11241
04703 01 5109
04713 01 3694
04722 01 11242
04747 01 14601
04751 01 11243
04755 01 11244
04757 01 2566
04764 01 2037
04765 01 5286
04770 01 11245
04771 01 1580
04775 01 8108
05006 01 14575
05013 01 1576
05017 01 11246
05021 01 11247
05043 01 6004
05046 01 1002
05063 01 11249
05100 01 9549
05104 01 11250
05116 01 8227
05123 01 10981
05145 01 5377
05151 01 1293
05167 01 13480
05201 01 14634
05206 01 11251
05211 01 11252
05221 01 8245
05241 01 1830
05242 01 11253
05243 01 6637
05250 01 14552
05253 01 8098
05255 01 9000
05256 01 11254
05260 01 11255
05264 01 11256
05276 01 11259
05277 01 9580
05302 01 7184
05304 01 11260
05307 01 8574
05325 01 6727
05341 01 6744
05350 01 11261
05356 01 14373
05365 01 11263
05366 01 10341
05372 01 14376
05415 01 11262
05431 01 6151
05437 01 11495
05441 01 11264
05443 01 6908
05456 01 11268
05464 01 752
05502 01 11269
05503 01 11270
05504 01 10058
05514 01 10303
05520 01 5905
05523 01 11271
05526 01 11272
05531 01 11914
05537 01 6675
05544 01 7070
05550 01 772
05551 01 778
05553 01 8717
05554 01 8718
05603 01 8643
05605 01 11275
05626 01 11276
05635 01 5513
05646 01 7214
05650 01 579
05671 01 1683
05672 01 7099
05710 01 5864
05716 01 3164
05717 01 7290
05733 01 10350
05734 01 11277
05755 01 14377
05761 01 7350
05763 01 7354
05770 01 14674
05773 01 8421
05774 01 7621
06003 01 1041
06014 01 8609
06021 01 14676
06022 01 1364
06027 03 14515
06035 01 11279
06037 01 7465
06046 01 6111
06106 01 11281
06130 01 11282
06147 01 3428
06171 01 5462
06173 01 5661
06221 01 1465
06225 02 6341
06264 01 7707
06265 01 7708
06301 01 7741
06304 01 11274
06307 01 3126
06322 01 1071
06324 01 1073
06342 01 11284
06346 01 9898
06347 01 10614
06350 01 11286
06367 01 14533
06376 01 9899
06407 01 11083
06412 01 11287
06414 01 13944
06416 01 11661
06421 01 6571
06441 01 6117
06447 01 13997
06453 01 635
06455 01 14059
06462 01 11288
06464 01 1957
06471 01 9003
06472 01 11289
06501 01 11290
06506 01 2370
06507 01 2371
06515 01 1989
06522 01 11291
06525 01 2484
06532 01 11292
06544 01 2682
06551 01 11295
06563 01 11296
06564 01 11297
06570 01 8565
06573 02 2826
06574 01 11298
06577 01 14677
06614 01 621
06624 01 2867
06626 01 11299
06645 01 3334
06651 01 3452
06660 01 3375
06673 01 14349
06674 01 9994
06675 01 11300
06704 01 11301
06715 01 11302
06754 01 6523
06762 01 11305
06770 01 5719
06771 01 11306
06774 01 11308
07001 01 3142
07005 01 5588
07031 01 11309
07042 01 11310
07043 01 11312
07075 01 11313
07100 01 14649
07107 01 11314
07111 01 7728
07117 01 11327
07126 01 11332
07140 01 5586
07147 01 11333
07154 01 11337
07162 01 11665
07204 01 5417
07205 01 324
07210 01 11349
07214 01 11353
07216 01 11354
07220 01 11356
07223 01 9495
07226 01 9168
07236 01 6946
07240 01 6948
07241 01 1006
07242 01 11357
07243 01 11358
07247 01 14652
07262 01 14636
07272 01 14639
07301 01 11359
07302 01 14612
07303 01 1927
07305 01 11360
07306 01 11363
07320 01 14613
07322 01 11370
07331 01 11375
07332 01 11379
07333 01 2805
07334 02 15648
07334 03 15648
07336 01 11381
07340 01 3736
07344 01 3307
07346 01 14614
07363 01 9357
07364 01 11384
07370 01 6592
07371 01 11387
07374 01 4270
07375 01 4739
07404 01 3972
07413 01 7406
07417 01 8698
07432 01 11394
07434 01 11397
07447 01 11399
07450 01 7864
07454 01 11401
07455 01 5310
07456 01 11404
07457 01 11406
07460 01 11409
07463 01 6215
07464 01 11411
07465 01 11414
07466 01 8377
07467 01 11416
07471 01 5904
07472 01 7014
07477 01 11903
07500 01 11904
07520 01 14680
07522 01 11418
07524 01 14653
07525 01 11420
07533 01 4944
07537 01 9359
07540 01 5215
07542 01 5431
07543 01 5432
07571 01 3225
07607 01 11421
07610 01 11422
07617 01 9895
07622 01 3621
07625 01 530
07631 01 11423
07632 01 11424
07636 01 11425
07646 01 7402
07650 01 5903
07651 01 9081
07652 01 11426
07653 01 11427
07655 01 7180
07656 01 4276
07664 01 3391
07675 01 10674
07676 01 11428
07677 01 10676
07703 01 14616
07706 01 1372
07712 01 1631
07714 01 2255
07717 01 5187
07721 01 11429
07723 01 11430
07724 01 2519
07725 01 5859
07726 01 11431
07730 01 6887
07731 01 11432
07733 01 11433
07735 01 9632
07736 01 1026
07737 01 11434
07743 01 11435
07747 01 1530
10027 01 11176
10031 01 11206
10034 01 7714
10036 01 11177
10044 01 7892
10061 01 11178
10070 01 478
10071 01 11207
10072 01 11179
10100 01 11180
10103 01 8634
10105 01 8639
10113 01 11181
10122 01 8471
10130 01 7987
10133 01 1168
10134 01 11182
10153 01 3492
10154 01 473
10170 01 11208
10171 01 11209
10172 01 11210
10212 01 11211
10213 01 7219
10217 01 14681
10221 01 8513
10224 01 11905
10233 01 8152
10247 01 2869
10250 01 14617
10254 01 5986
10255 01 11183
10256 01 9095
10261 01 11184
10274 01 14592
10301 01 10788
10305 01 11212
10306 01 2431
10307 01 11185
10320 01 11213
10327 01 9355
10330 01 8333
10331 01 8334
10337 01 11186
10346 01 1976
10353 01 14147
10355 01 6128
10361 01 14685
10363 01 8378
10402 01 9778
10430 01 14618
10432 01 11187
10436 01 5089
10454 01 9358
10470 01 9336
10471 01 11188
10472 01 11214
10474 01 11075
10506 01 11215
10510 01 11216
10516 01 11217
10526 01 14624
10542 01 11189
10543 01 11190
10567 01 12122
10570 01 5346
10574 01 11192
10577 03 1560
10601 01 11193
10602 01 11194
10603 01 11195
10604 01 11196
10605 01 5320
10615 01 5810
10617 01 11197
10621 01 11198
10622 01 8919
10630 01 9361
10631 01 6496
10632 01 6544
10633 01 9362
10634 01 9363
10635 01 9364
10636 01 9365
10637 01 9366
10640 01 9367
10641 01 9368
10644 01 9371
10645 01 9372
10646 01 9373
10646 02 9373
10647 01 9374
10650 01 9375
10651 01 9376
10652 01 9377
10653 01 9378
10654 01 9379
10655 01 9380
10656 01 9381
10660 01 9383
10665 01 13054
10666 01 13055
10673 01 11199
10710 01 11200
10726 01 6159
10727 01 6376
10730 01 11201
10753 01 14106
11003 01 10077
11006 01 7423
11010 01 1746
11012 01 7424
11013 01 8515
11014 01 9595
11015 01 9860
11026 01 10403
11035 01 4494
11052 01 979
11053 01 980
11054 01 987
11063 01 995
11067 01 11202
11105 01 5560
11114 01 8038
11120 01 9747
11121 01 9748
11123 01 9750
11144 01 8950
11150 01 6936
11151 01 6937
11152 01 7073
11156 01 14584
11160 01 4608
11161 01 9906
11162 01 10833
11206 01 390
11207 01 9945
11231 01 11203
11236 01 9988
11237 01 9989
11240 01 9990
11241 01 9991
11242 01 8329
11251 01 9790
11252 01 4576
11257 01 10686
11266 01 9616
11267 01 1185
11270 01 1273
11271 01 2788
11272 01 3162
11273 01 3163
11274 01 1031
11275 01 6240
11276 01 4021
11277 01 14686
11300 01 1159
11301 01 1271
11304 01 1783
11305 01 2097
11306 01 3947
11307 01 5625
11312 02 9036
11313 01 10687
11314 01 10344
11315 01 9521
11321 01 7036
11322 01 4868
11323 01 5997
11326 01 3033
11331 01 199
11346 01 1937
11356 01 273
11360 01 331
11362 01 333
11371 01 377
11376 01 416
11402 01 1856
11405 01 430
11422 01 4031
11447 01 14631
11451 01 10144
11452 01 10145
11453 01 10146
11467 01 9918
11500 01 11607
11646 01 14687
11663 01 10586
11671 01 10596
11702 01 10799
11713 01 10881
11716 01 13067
11730 01 4053
11741 01 10932
11743 01 10944
11752 01 4528
11754 01 10995
11764 01 1610
12026 01 7884
12031 01 6863
12044 01 10982
12045 01 10851
12054 01 10984
12063 01 14688
12066 01 14590
12150 01 14284
12151 01 14285
12212 03 12170
12263 01 12269
12361 01 14583
12456 01 4087
12476 01 2239
12513 01 2361
12513 02 2361
12514 01 3575
12534 01 94
12535 02 9996
12542 01 8662
12601 01 2735
12611 01 7138
12621 01 1183
12622 01 12899
12626 01 4432
12720 01 2194
12732 01 4863
12755 01 14443
13010 01 13081
13022 01 14487
13026 01 13631
13037 01 13679
13103 01 13817
13110 01 13829
13120 01 13886
13121 01 13893
13122 01 13894
13132 01 13918
13133 01 13920
13156 01 14287
13171 01 14337
13172 01 14341
13175 01 14357
13177 01 14363
13211 01 14694
13212 01 14695
13213 01 14696
13214 01 14703
13215 01 14705
13216 01 14707
13225 01 14728
13226 01 14729
13227 01 14730
13230 01 14734
13231 01 14735
13232 01 14736
13233 01 14737
13234 01 14738
13235 01 14739
13236 01 14740
13237 01 14742
13240 01 14743
13242 01 14746
13244 01 14752
13245 01 14756
13246 01 14758
13251 01 14766
13252 01 14767
13253 01 14721
13256 01 5700
13273 01 7933
13274 01 9687
13275 01 14798
13300 01 14811
13301 01 14812
13303 01 14815
13314 01 14827
13341 01 6755
13354 01 14749
13357 01 14869
13365 01 14881
13370 01 14900
13430 01 14993
13462 02 16152
13475 01 15261
13476 01 15263
13524 01 15359
13654 01 16022
13674 01 16116
13675 01 16120
   