  ARG  3106  7222  OUTBOUND-CREDIT                 6         0.615         61.740      0.970          -9.53           0.00
  ARG  7222  3106  INBOUND                       288        12.504      2,886.080     73.340         171.69           0.00
  AUS  3106  5052  OUTBOUND-CREDIT                17         2.060         69.540      1.860         -11.78           0.00
  AUS  3106  5052  OUTBOUND-CREDIT-TNIC            1         0.114         19.430      0.320          -1.30           0.00
  AUS  3106  5053  OUTBOUND                       16         1.671        110.560      2.660           4.33           0.00
  AUS  3106  5053  OUTBOUND-CREDIT                23         2.169        457.260      8.010         -30.55           0.00
  AUS  5052  3106  INBOUND                      2016       237.134     34,538.000    809.080       1,046.22           0.00
  AUS  5053  3106  INBOUND                      1270       233.916     21,358.780    458.950         692.86           0.00
  AUS  5053  3106  INBOUND-NB                      1         0.001          0.840      0.060           0.00           0.06
  BHR  3106  4263  OUTBOUND-NB                     7         0.014          0.130      0.000           0.00           0.05
  BHR  3106  4263  OUTBOUND-CREDIT               318         8.875        667.130     13.550        -316.73           0.00
  BHR  4263  3106  INBOUND                       302        26.342      2,807.840     74.590         416.82           0.00
  BHR  4263  3106  INBOUND-NB                     64       506.979      1,278.220     34.790           0.00       1,427.22
  BMU  3106  3503  OUTBOUND-NB                     3         0.027          0.000      0.050           0.00           0.05
  BMU  3106  3503  OUTBOUND-CREDIT                42         0.867        112.240      3.440         -38.87           0.00
  BMU  3503  3106  INBOUND                       601        77.103      9,945.450    253.930       1,148.75           0.00
  BMU  3503  3106  INBOUND-NB                     29        44.905      3,400.990     85.010           0.00         429.91
  BRA  7249  3106  INBOUND                         1         0.076          8.630      0.220           1.27           0.00
  BRA  7249  3106  INBOUND-TNIC                    1         0.010          0.410      0.010           0.07           0.00
  CHL  3106  7303  OUTBOUND-CREDIT                 6         0.916        605.840      9.160         -60.46           0.00
  CHL  3106  7305  OUTBOUND                       24         1.362         43.020      2.470           7.68           0.00
  CHL  7303  3106  INBOUND                       973       165.338     15,158.860    399.210       1,129.09           0.00
  CHL  7303  3106  INBOUND-TNIC                   28         2.397        432.500      9.450          23.70           0.00
  CHN  4602  3106  INBOUND                         1         0.107         11.060      0.230           1.98           0.00
  CHN  4602  3106  INBOUND-TNIC                    2         0.935         42.460      0.800           9.17           0.00
  COL  3106  7322  OUTBOUND                        8         0.957         47.890      1.710           2.67           0.00
  COL  3106  7322  OUTBOUND-CREDIT               252        31.811     10,912.960    176.140        -623.86           0.00
  COL  7322  3106  INBOUND                      1063       194.969     24,047.190    501.990         696.96           0.00
  COL  7322  3106  INBOUND-NB                     10         0.752        130.670      2.640           0.00           3.39
  COL  7322  3106  INBOUND-TNIC                   98         6.006      1,308.990     24.230          30.24           0.00
  CPS  3106  3132  OUTBOUND                        1         0.000          0.000      0.000           0.00           0.00
  CRI  3106  7122  OUTBOUND-CREDIT                 3         0.057          0.420      0.010          -0.22           0.00
  CRI  7122  3106  INBOUND                       108        11.440      1,445.060     44.330          62.74           0.00
  CRI  7122  3106  INBOUND-NB                      4         0.113         31.320      0.670           0.00           0.88
  CRI  7129  3106  INBOUND                       861       110.056     18,692.010    375.080         545.74           0.00
  CRI  7129  3106  INBOUND-NB                      3         0.014          3.560      0.150           0.00           0.18
  DPC  3106  3020  OUTBOUND-CREDIT               805       176.230     10,062.280    204.920      -1,231.02           0.00
  DPC  3106  3025  OUTBOUND                        1         0.000          0.000      0.000           0.00           0.00
  DPC  3106  3025  OUTBOUND-CREDIT                20         0.150          1.460      0.020          -0.50           0.00
  DPC  3106  3028  OUTBOUND-CREDIT                73         1.394        179.750      3.050         -15.11           0.00
  HKG  3106  4542  OUTBOUND                        9         0.073          5.850      0.100           0.31           0.00
  HKG  3106  4542  OUTBOUND-CREDIT               113         2.350        253.300      4.230         -34.58           0.00
  HKG  4542  3106  INBOUND                         1         0.005          0.150      0.000           0.02           0.00
  HUN  2161  3106  INBOUND-TNIC                   13         9.077        816.120     21.870          61.90           0.00
  HUN  3106  2161  OUTBOUND-CREDIT-TNIC            1         0.015          0.150      0.000          -0.11           0.00
  IND  3106  4042  OUTBOUND-CREDIT                 7         0.108         11.100      0.460          -1.71           0.00
  IND  4042  3106  INBOUND                      2203       269.402     36,911.850  1,052.220       1,321.62           0.00
  IND  4042  3106  INBOUND-NB                     55         1.105        166.740      4.430           0.00           5.53
  IRL  2724  3106  INBOUND                      2308       195.444     41,393.190    814.440       1,009.89           0.00
  IRL  3106  2724  OUTBOUND-CREDIT               289        40.320     10,256.410    163.700        -612.06           0.00
  IRL  3106  2724  OUTBOUND-TNIC                   1         0.156         55.830      0.890           1.05           0.00
  IRL  3106  2724  OUTBOUND-CREDIT-TNIC            1         0.156         55.830      0.890          -3.15           0.00
  ISR  3106  4251  OUTBOUND-CREDIT                10         0.715         60.550      2.050         -13.51           0.00
  ISR  4251  3106  INBOUND                         5         0.487        130.410      3.430           6.36           0.00
  JPN  3106  4401  OUTBOUND                       69         7.069      1,361.020     29.430          53.83           0.00
  JPN  3106  4401  OUTBOUND-CREDIT               234        22.578      4,078.740     72.970        -422.81           0.00
  JPN  3106  4401  OUTBOUND-CREDIT-TNIC            1         0.617        305.090      4.590         -23.07           0.00
  JPN  3106  4408  OUTBOUND                      107         9.699      5,043.670     98.640         159.80           0.00
  JPN  3106  4408  OUTBOUND-CREDIT              1254        36.312      6,598.260    134.720        -756.73           0.00
  JPN  3106  4408  OUTBOUND-CREDIT-TNIC            3         0.019          1.460      0.030          -0.24           0.00
  JPN  3106  4410  OUTBOUND                        1         0.052          0.590      0.040           0.14           0.00
  JPN  4410  3106  INBOUND                       154        69.777     10,722.490    195.430         391.18           0.00
  KOR  3106  4501  OUTBOUND                      354         4.199      2,057.420     58.020          62.22           0.00
  KOR  3106  4501  OUTBOUND-CREDIT               316         4.520      1,290.640     37.410        -125.81           0.00
  KOR  3106  4501  OUTBOUND-TNIC                   8         0.003          0.580      0.000           0.01           0.00
  MAN  3106  5156  OUTBOUND-NB                     1         0.066          0.000      0.050           0.00           0.24
  MAN  3106  5156  OUTBOUND-CREDIT                24         0.010          0.000      0.050          -0.40           0.00
  MAN  5156  3106  INBOUND                      1063       114.651     20,129.720    448.700       1,155.32           0.00
  MAN  5156  3106  INBOUND-NB                    263       514.889      1,004.060     24.970           0.00       1,208.43
  MCL  3106  2350  OUTBOUND-CREDIT                12         0.470          1.310      0.030          -1.24           0.00
  MNR  3106  5152  OUTBOUND                      146         8.008        937.430     60.260         110.93           0.00
  MNR  3106  5152  OUTBOUND-NB                     5         0.068         20.940      0.350           0.00           0.68
  MNR  3106  5152  OUTBOUND-TNIC                   8         0.003          0.610      0.000           0.01           0.00
  MNR  5152  3106  INBOUND                      2240       124.414     10,345.690    232.960         580.64           0.00
  MNR  5152  3106  INBOUND-NB                      2         0.058          8.290      0.270           0.00           0.53
  MYS  3106  5021  OUTBOUND-CREDIT                 5         5.087      3,189.090     57.790        -282.98           0.00
  MYS  5021  3106  INBOUND                       724       356.148     28,377.300    537.730       1,340.81           0.00
  MYS  5021  3106  INBOUND-NB                      1         0.075          4.320      0.110           0.00           0.28
  NZL  3106  5301  OUTBOUND-CREDIT                49         0.433        164.640      2.700          -9.42           0.00
  PER  3106  7160  OUTBOUND-CREDIT               107       374.229     37,148.280    795.450     -16,737.32           0.00
  PER  7160  3106  INBOUND                      1383       264.035     35,308.700    832.040       5,073.62           0.00
  SEN  6081  3106  INBOUND-TNIC                   41         1.308        279.450      7.100          13.67           0.00
  SGP  3106  5252  OUTBOUND-CREDIT                 8         0.128         46.050      0.880          -3.79           0.00
  SMA  2922  3106  INBOUND-TNIC                    1         0.026         29.800      0.500           0.00           0.00
  TAI  3106  4877  OUTBOUND                      390         1.338        519.910     11.560          25.39           0.00
  TAI  3106  4877  OUTBOUND-CREDIT                52         1.049        553.670     12.780         -81.75           0.00
  TAI  4877  3106  INBOUND                       302        15.673      3,438.870     80.250         188.95           0.00
  TCI  3106  3763  OUTBOUND-CREDIT                11         0.004          0.000      0.010          -0.02           0.00
  TCI  3763  3106  INBOUND-NB                    295         1.207         22.660      0.370           0.00           4.68
  THA  5200  3106  INBOUND-NB                      2        87.685          2.790      0.060           0.00         175.59
  TLX  3106  4872  OUTBOUND                        1         0.040          0.300      0.030           0.14           0.00
  TLX  3106  4872  OUTBOUND-CREDIT                 1         0.031          1.130      0.220          -1.52           0.00
  TLX  3106  4873  OUTBOUND                       23         0.279         23.630      0.510           1.56           0.00
  TLX  3106  4873  OUTBOUND-CREDIT                16         2.662         98.320      2.470         -30.38           0.00
  TLX  4872  3106  INBOUND                         8         0.117         14.440      0.520           1.26           0.00
  TNT  3106  3110  OUTBOUND                       24         5.419      1,292.890     42.550          57.38           0.00
  TNT  3106  3110  OUTBOUND-NB                     1         0.008          0.080      0.000           0.00           0.01
  TNT  3106  3110  OUTBOUND-CREDIT               222        32.459      3,657.970    123.990        -589.80           0.00
  TNT  3106  3110  OUTBOUND-CREDIT-TNIC            8         0.658          7.190      0.990          -4.72           0.00
  TNT  3110  3106  INBOUND                         2         0.007          0.010      0.000           0.01           0.00
  TUN  6050  3106  INBOUND-TNIC                    8         0.371          8.610      0.280           0.00           0.00
  TUR  2863  3106  INBOUND                      1229       171.586     21,324.610    428.380         497.91           0.00
  TUR  2863  3106  INBOUND-NB                      5         0.251         19.520      0.550           0.00           0.67
  TUR  3106  2863  OUTBOUND-CREDIT               164         6.080      2,534.640     38.990        -112.21           0.00
  TYM  3106  0009  OUTBOUND-CREDIT                20         0.306          1.890      0.030           0.00           0.00
  UAE  3106  4243  OUTBOUND                        1         0.005          0.120      0.000           0.01           0.00
  URG  7482  3106  INBOUND                       237         8.625      1,669.910     39.920          89.81           0.00
  URG  7482  3106  INBOUND-NB                      1         0.123          2.120      0.060           0.00           0.35
  WUI  3104  3106  INBOUND                      3990      1148.626     37,042.390    773.180       3,630.59           0.00
  WUI  3104  3106  INBOUND-NB                    594        78.720      3,555.300     88.650           0.00         285.39
  WUI  3106  3104  OUTBOUND                      680        83.301      9,544.680    212.520         510.17           0.00
  WUI  3106  3104  OUTBOUND-NB                   133         3.251         16.710      0.580           0.00           7.10
  WUI  3106  3104  OUTBOUND-CREDIT             12421       182.593     40,695.530    736.470      -5,489.86           0.00
  WUI  3106  3104  OUTBOUND-CREDIT-TNIC            1         0.000          0.010      0.000           0.00           0.00
  ARG  3106  7222  OUTBOUND                       31         2.041         94.070      3.460          16.86           0.00
  ARG  3106  7222  OUTBOUND-NB                     3         0.000          0.000      0.000           0.00           0.00
  ARG  3106  7222  OUTBOUND-CREDIT                23         0.009          0.000      0.030          -0.07           0.00
  ARG  7220  3106  INBOUND                       840       239.055     17,394.160    601.720       2,771.87           0.00
  ARG  7220  3106  INBOUND-NB                     16         6.445        263.440     37.080           0.00          49.04
  ARG  7222  3106  INBOUND                        15         6.194        253.980      6.340          47.23           0.00
  ARG  7222  3106  INBOUND-NB                      1         0.003          0.090      0.000           0.00           0.01
  ATG  3106  3443  OUTBOUND-NB                     3         0.113          0.000      0.050           0.00           0.22
  ATG  3106  3443  OUTBOUND-CREDIT                40         0.013          0.000      0.060          -0.07           0.00
  ATG  3443  3106  INBOUND                       667       195.476     13,633.220    341.720       1,481.58           0.00
  ATG  3443  3106  INBOUND-NB                    405       640.501      2,108.860     52.510           0.00       1,449.69
  AUS  3106  5052  OUTBOUND-CREDIT                 7         0.194          5.550      0.130          -0.98           0.00
  AUS  3106  5052  OUTBOUND-TNIC                 147         9.930        708.620     21.820          31.75           0.00
  AUS  3106  5052  OUTBOUND-CREDIT-TNIC          207         4.274        575.740     10.910         -45.56           0.00
  AUS  3106  5053  OUTBOUND-TNIC                   8         0.231         19.670      1.020           1.26           0.00
  AUS  5052  3106  INBOUND                         2         0.694         37.820      1.320           2.01           0.00
  BAT  3106  3141  OUTBOUND                        1         0.019          0.510      0.070           0.05           0.00
  BHR  3106  4263  OUTBOUND-NB                     8         0.036          0.090      0.000           0.00           0.10
  BHR  3106  4263  OUTBOUND-CREDIT                71         3.915        338.160      8.450        -156.17           0.00
  BHR  4263  3106  INBOUND                      1950       217.979     25,350.680    663.440       3,713.71           0.00
  BHR  4263  3106  INBOUND-NB                    297      1089.366      2,002.400     58.110           0.00       2,973.70
  BMU  3106  3503  OUTBOUND-CREDIT                33         0.730        123.330      2.350         -41.38           0.00
  BMU  3503  3106  INBOUND                       528        53.761      8,897.180    221.210         997.24           0.00
  BMU  3503  3106  INBOUND-NB                     27         9.596      1,613.700     41.530           0.00         180.56
  BRA  3106  7240  OUTBOUND-CREDIT                53         2.231         80.960      1.580         -47.09           0.00
  BRA  3106  7241  OUTBOUND                        1         0.033          1.600      0.030           0.28           0.00
  BRA  3106  7241  OUTBOUND-CREDIT                76         4.822        343.850     14.840        -165.11           0.00
  BRA  7240  3106  INBOUND                      1013       118.916     13,021.680    359.980       1,924.96           0.00
  BRA  7241  3106  INBOUND                      1400       239.624     17,787.900    379.540       2,822.49           0.00
  BRA  7241  3106  INBOUND-TNIC                    7         0.516         25.100      0.650           4.43           0.00
  BRA  7249  3106  INBOUND                      4100       607.436     59,219.090  1,530.190       8,920.82           0.00
  BRA  7249  3106  INBOUND-TNIC                    5         0.245         15.400      0.600           2.53           0.00
  BVI  3106  3483  OUTBOUND-CREDIT                10         0.004          0.000      0.030          -0.03           0.00
  BVI  3483  3106  INBOUND                         1         0.126          7.830      0.190           1.19           0.00
  BVI  3483  3106 UND-NB                    179         0.919         28.270      0.640           0.00           5.47
  CHN  4602  3106  INBOUND                      1100        96.157      7,661.110    248.990       1,437.61           0.00
  COL  7322  3106  INBOUND                       982       175.345     15,341.090    317.300         970.48           0.00
  COL  7322  3106  INBOUND-NB                      3         0.089         11.120      0.290           0.00           0.75
  COL  7322  3106  INBOUND-TNIC                  150        16.386      2,288.630     43.070         117.12           0.00
  CPS  3106  3132  OUTBOUND                      103        28.399      1,973.920     64.690         127.85           0.00
  CSC  3106  3137  OUTBOUND                       11         0.460         69.350      1.930           3.41           0.00
  DOM  3101  3106  INBOUND                       996        31.089      1,525.780     38.860         117.06           0.00
  DOM  3106  3101  OUTBOUND                     1525        19.165      1,880.850     46.400         105.95           0.00
  DPC  3028  3106  INBOUND                       663        33.857      6,976.010    174.610         104.53           0.00
  DPC  3106  3020  OUTBOUND                     3481       146.623      8,302.590    274.160         195.24           0.00
  DPC  3106  3020  OUTBOUND-CREDIT                41         7.814        351.300      7.910         -28.02           0.00
  DPC  3106  3028  OUTBOUND                        2         0.886          2.000      0.290           0.61           0.00
  EGY  6020  3106  INBOUND-TNIC                    5         0.863        133.640      3.520          15.09           0.00
  HKG  3106  4542  OUTBOUND-CREDIT                 5         0.109         24.810      0.400          -3.15           0.00
  HKG  3106  4542  OUTBOUND-CREDIT-TNIC            1         0.031          2.260      0.130          -1.01           0.00
  HKG  3106  4545  OUTBOUND                        3         0.079         13.560      0.250           0.69           0.00
  HKG  4542  3106  INBOUND                      1925       175.809     40,572.340    789.920       1,975.34           0.00
  HKG  4545  3106  INBOUND                         1         0.023          1.300      0.040           0.13           0.00
  IDN  3106  5101  OUTBOUND-CREDIT                21         0.805        109.040      2.260         -18.42           0.00
  IDN  5101  3106  INBOUND                      3076       406.410     32,405.850    904.630       2,622.08           0.00
  IDN  5101  3106  INBOUND-NB                     63         4.141        350.340     11.730           0.00          31.75
  IDN  5101  3106  INBOUND-TNIC                  145        20.181      1,495.050     38.110         116.58           0.00
  IND  3106  4042  OUTBOUND-CREDIT                 1         0.025          0.050      0.000          -0.07           0.00
  IND  4042  3106  INBOUND                         3         0.181         13.290      0.390           0.57           0.00
  IND  4042  3106  INBOUND-TNIC                   15         1.299        220.680      6.360           7.66           0.00
  IRL  3106  2724  OUTBOUND-TNIC                   2         0.078          0.650      0.200           0.27           0.00
  ISR  3106  4251  OUTBOUND                       82         2.528        135.160      8.570          22.20           0.00
  ISR  4251  3106  INBOUND-TNIC                    1         0.119         26.770      0.420           1.09           0.00
  ITT  3103  3106  INBOUND                      1702       434.945     24,421.830    545.280       1,748.99           0.00
  ITT  3103  3106  INBOUND-NB                      4         0.013          2.540      0.150           0.00           0.11
  ITT  3106  3103  OUTBOUND                    10849       252.797     37,337.940    838.190       1,849.25           0.00
  ITT  3106  3103  OUTBOUND-NB                     1         0.002          0.060      0.000           0.00           0.00
  ITT  3106  3103  OUTBOUND-CREDIT                10         0.185          2.390      0.240          -1.36           0.00
  ITT  3106  3103  OUTBOUND-TNIC                  18         0.121          8.070      0.690           0.53           0.00
  ITT  3106  3107  OUTBOUND                        2         0.023          1.110      0.180           0.08           0.00
  ITT  3106  3107  OUTBOUND-NB                    27         1.910          0.000      0.660           0.00           3.82
  ITT  3106  3107  OUTBOUND-CREDIT                76         0.022          0.400      0.120          -0.17           0.00
  ITT  3107  3106  INBOUND                        11         2.324         40.670      1.010           6.11           0.00
  JPN  3106  4401  OUTBOUND                       62         4.756        319.340      7.150          17.56           0.00
  JPN  3106  4401  OUTBOUND-CREDIT               191        29.456      1,634.380     33.490        -278.53           0.00
  JPN  3106  4401  OUTBOUND-CREDIT-TNIC            2         0.033         10.700      0.170          -0.94           0.00
  JPN  3106  4406  OUTBOUND                       43         0.710         44.660      3.990           6.94           0.00
  JPN  3106  4408  OUTBOUND                      305        22.230      1,863.220     38.350          89.35           0.00
  JPN  3106  4408  OUTBOUND-CREDIT               106        10.589      1,909.100     41.520        -230.59           0.00
  JPN  4401  3106  INBOUND                       311        62.547      5,706.580    203.170         391.92           0.00
  JPN  4408  3106  INBOUND                      2992       299.063     35,053.440    722.040       1,505.98           0.00
  JPN  4408  3106  INBOUND-NB                      7         0.145         21.150      0.550           0.00           1.03
  KOR  3106  4501  OUTBOUND-CREDIT               202         3.962      1,044.850     30.770        -274.52           0.00
  KOR  4501  3106  INBOUND                      7063       875.575    106,188.470  2,746.760      10,245.94           0.00
  KOR  4501  3106  INBOUND-NB                      3         0.152         65.310      0.940           0.00           5.53
  MEX  3106  3340  OUTBOUND                       13         0.260          6.930      0.560           0.82           0.00
  MNI  3106  5154  OUTBOUND-NB                    20         0.315          0.000      0.180           0.00           0.94
  MNI  3106  5154  OUTBOUND-CREDIT                92         3.608         22.840      1.580         -42.75           0.00
  MNI  3106  5154  OUTBOUND-CREDIT-TNIC            4         0.099          0.870      0.140          -1.28           0.00
  MNI  5154  3106  INBOUND                      2342       180.102     42,981.950  1,046.960       6,987.54           0.00
  MNI  5154  3106  INBOUND-NB                    310        32.611      2,698.280     67.410           0.00         502.56
  MNR  5152  3106  INBOUND                         2         0.050          0.920      0.020           0.28           0.00
  MYS  3106  5021  OUTBOUND-CREDIT                 5         0.070         12.530      0.280          -1.58           0.00
  NAN  3620  3106  INBOUND-NB                      7         0.232          7.290      0.540           0.00           1.19
  NYX  3106  3144  OUTBOUND                       65        15.687        652.130     15.400          54.84           0.00
  NZL  3106  5301  OUTBOUND                        3         0.043          1.300      0.170           0.21           0.00
  NZL  3106  5301  OUTBOUND-CREDIT                 5         1.263        187.430      8.850         -30.34           0.00
  NZL  5301  3106  INBOUND                      4031       390.024     54,014.250  1,262.450       1,652.47           0.00
  NZL  5301  3106  INBOUND-NB                      2         0.088         20.510      0.410           0.00           0.50
  PHP  5151  3106  INBOUND-TNIC                    1         0.129          4.000      0.140           0.57           0.00
  PRI  3106  3300  OUTBOUND-NB                     2         0.000          0.000      0.000           0.00           0.00
  PRI  3106  3300  OUTBOUND-CREDIT                24         0.073          0.000      0.640          -0.55           0.00
  PRI  3300  3106  INBOUND                       138         4.487        507.580     14.250          68.31           0.00
  QAT  4271  3106  INBOUND                        84        12.649      1,063.470     26.150          80.76           0.00
  RCA  3106  3113  OUTBOUND                        8         0.074          2.700      0.580           0.24           0.00
  RCA  3106  3136  OUTBOUND                        3         0.039          1.240      0.070           0.12           0.00
  SEN  6081  3106  INBOUND-TNIC                   49         1.682        335.230      8.280          19.92           0.00
  SGP  3106  5252  OUTBOUND                        3         0.074          7.070      0.220           0.37           0.00
  SGP  3106  5252  OUTBOUND-CREDIT                 9         0.147         80.420      1.330          -5.55           0.00
  SGP  5252  3106  INBOUND                      4112       655.664     73,856.840  1,768.930       3,030.59           0.00
  SGP  5252  3106  INBOUND-NB                      2         0.068         21.830      0.400           0.00           0.59
  SMA  2922  3106  INBOUND-TNIC                    3         0.033          6.880      0.170           0.00           0.00
  TAI  3106  4877  OUTBOUND                        1         0.005          0.410      0.060           0.07           0.00
  TAI  3106  4877  OUTBOUND-CREDIT                25         0.552        173.770      4.130         -83.17           0.00
  TAI  4877  3106  INBOUND                      3181       381.375     75,014.220  1,461.650      12,396.17           0.00
  TAI  4877  3106  INBOUND-NB                      2         0.095          6.880      0.260           0.00           1.31
  TCI  3106  3763  OUTBOUND-CREDIT                 4         0.001          0.000      0.000           0.00           0.00
  TCI  3763  3106  INBOUND-NB                    294         1.232         22.750      0.360           0.00           1.88
  TLX  3106  4872  OUTBOUND                       31         1.110         46.800      6.240          10.34           0.00
  TLX  3106  4872  OUTBOUND-CREDIT               156        28.930      7,899.640    130.840      -3,815.21           0.00
  TLX  3106  4873  OUTBOUND-CREDIT                12         1.424         95.860      2.310         -55.96           0.00
  TLX  4872  3106  INBOUND                      1930       207.963     33,836.930    735.290       5,699.38           0.00
  TLX  4873  3106  INBOUND                      1702       227.762     33,806.630    751.630       5,754.24           0.00
  TNT  3106  3110  OUTBOUND                    19304      7151.063    687,741.990 37,784.240      39,059.92           0.00
  TNT  3106  3110  OUTBOUND-CREDIT               131        23.262      2,304.590     91.840        -388.46           0.00
  TNT  3106  3126  OUTBOUND                        1         0.017          0.510      0.050           0.05           0.00
  TUN  6050  3106  INBOUND-TNIC                    9         0.369         24.490      0.630           0.00           0.00
  TYM  3106  0009  OUTBOUND-CREDIT                 9         0.075          0.720      0.020          -0.28           0.00
  UAE  3106  4243  OUTBOUND-TNIC                  10         0.322         35.360      0.990           5.94           0.00
  UAE  4243  3106  INBOUND                         9         0.262         18.520      1.650           3.30           0.00
  UAE  4243  3106  INBOUND-TNIC                    2         0.069         19.280      0.310           3.03           0.00
  URG  3106  7482  OUTBOUND                        1         0.039          0.390      0.040           0.17           0.00
  URG  7482  3106  INBOUND                       685        71.779      9,201.350    217.960         570.75           0.00
  URG  7482  3106  INBOUND-NB                     29         1.517        418.760      7.830           0.00          18.42
  URG  7482  3106  INBOUND-TNIC                   10         1.062         98.670      2.540           7.11           0.00
  WUI  3106  3104  OUTBOUND                       11         0.095          3.810      0.510           0.32           0.00
  ZAF  3106  6550  OUTBOUND                       43         0.973         35.470      2.680           7.19           0.00
  ZAF  3106  6550  OUTBOUND-CREDIT                43         1.534        214.420      6.070         -44.98           0.00
  ZAF  6550  3106  INBOUND                      2434       519.376     35,036.680    916.940       2,829.42           0.00
  ZAF  6550  3106  INBOUND-NB                      8         0.960        142.250      2.720           0.00           7.26
  AUS  3106  5052  OUTBOUND-CREDIT                10         0.379         59.410      1.140          -4.58           0.00
  AUS  3106  5052  OUTBOUND-CREDIT-TNIC            1         0.105         18.930      0.310          -1.25           0.00
  AUS  3106  5053  OUTBOUND-CREDIT                11         1.057      1,601.500     27.390         -85.34           0.00
  AUS  5052  3106  INBOUND                       591        89.689     11,511.530    255.420         345.11           0.00
  AUS  5053  3106  INBOUND                       359        40.345      5,340.200    107.800         148.15           0.00
  BHR  3106  4263  OUTBOUND-NB                     3         0.018          0.110      0.000           0.00           0.06
  BHR  3106  4263  OUTBOUND-CREDIT               296         9.556      1,296.610     24.060        -557.89           0.00
  BHR  4263  3106  INBOUND                       935        57.216      5,029.290    120.790         771.66           0.00
  BHR  4263  3106  INBOUND-NB                     63      1007.804        532.530     15.840           0.00       2,586.07
  BMU  3106  3503  OUTBOUND-CREDIT                31         0.792        136.190      2.770         -45.61           0.00
  BMU  3503  3106  INBOUND                       529        50.243      6,255.960    161.650         726.08           0.00
  BMU  3503  3106  INBOUND-NB                     20         8.911        513.970     12.840           0.00          69.22
  CHL  3106  7305  OUTBOUND-CREDIT               166         3.619        816.150     16.010        -333.19           0.00
  CHL  7303  3106  INBOUND                        34         3.055        185.650      4.210          30.84           0.00
  CHL  7305  3106  INBOUND                         1         0.260         10.210      0.270           1.92           0.00
  DPC  3106  3020  OUTBOUND-CREDIT                64        17.922        983.330     21.410         -70.54           0.00
  DPC  3106  3025  OUTBOUND-CREDIT                 3         0.019          0.200      0.000          -0.04           0.00
  DPC  3106  3028  OUTBOUND-CREDIT                80         0.978        116.820      2.000          -6.07           0.00
  HKG  3106  4542  OUTBOUND-CREDIT               113         2.115        307.210      6.060         -50.64           0.00
  HKG  4542  3106  INBOUND                      4680       492.552     83,984.990  1,722.710       4,553.49           0.00
  HKG  4542  3106  INBOUND-NB                      1         0.007          1.890      0.070           0.00           0.15
  HKG  4545  3106  INBOUND                       147        29.383      3,288.080     67.540         201.18           0.00
  JPN  3106  4401  OUTBOUND-CREDIT               229        36.022      2,608.040     55.320        -404.21           0.00
  JPN  3106  4401  OUTBOUND-CREDIT-TNIC            2         0.043         12.750      0.210          -1.12           0.00
  JPN  3106  4408  OUTBOUND-CREDIT              1215        33.517      4,774.780     87.910        -537.24           0.00
  JPN  3106  4408  OUTBOUND-CREDIT-TNIC            1         0.006          0.280      0.000          -0.06           0.00
  JPN  4401  3106  INBOUND                       512       143.405     11,272.490    456.630         885.02           0.00
  JPN  4408  3106  INBOUND                      6306       678.973     72,077.000  1,520.730       3,244.25           0.00
  JPN  4408  3106  INBOUND-NB                      4         0.020          3.450      0.150           0.00           0.26
  KOR  3106  4501  OUTBOUND-CREDIT               718       545.015      6,151.730    225.860      -2,312.64           0.00
  KOR  4501  3106  INBOUND                      5273       810.857     84,829.210  1,877.240       2,688.10           0.00
  KOR  4501  3106  INBOUND-NB                      5         0.129         38.550      0.860           0.00           0.99
  MCL  3106  2350  OUTBOUND-CREDIT                 1         2.926          9.750      0.190         -11.70           0.00
  MNR  3106  5152  OUTBOUND-NB                    33        25.305          0.070     11.950           0.00          60.55
  MNR  3106  5152  OUTBOUND-CREDIT              1059       153.922     15,303.200    370.150      -2,554.79           0.00
  MNR  5152  3106  INBOUND                       162        37.119      8,018.430    159.430         319.38           0.00
  MNR  5152  3106  INBOUND-NB                    200        11.576        400.570      9.910           0.00          34.91
  MYS  3106  5021  OUTBOUND-CREDIT                 6         0.092         18.150      0.400          -2.22           0.00
  MYS  5021  3106  INBOUND                         1         0.278          1.080      0.040           0.47           0.00
  NAN  3106  3620  OUTBOUND-NB                     5         0.001          0.040      0.000           0.00           0.00
  NAN  3106  3620  OUTBOUND-CREDIT                29         0.079          0.020      0.630          -0.60           0.00
  NAN  3620  3106  INBOUND                       399       704.809      6,160.600    157.930       2,455.07           0.00
  NAN  3620  3106  INBOUND-NB                     11         4.748        728.000      6.710           0.00          93.77
  NZL  3106  5301  OUTBOUND-CREDIT-TNIC            1         0.413         46.220      1.670          -6.26           0.00
  PER  7160  3106  INBOUND                         1         0.356         38.620      1.040           5.71           0.00
  RCA  3106  3113  OUTBOUND-NB                    26         0.262          1.650      0.060           0.00           0.58
  RCA  3106  3113  OUTBOUND-CREDIT               104         0.120          0.400      0.100          -0.76           0.00
  RCA  3106  3113  OUTBOUND-CREDIT-TNIC            2         0.097          1.560      0.180          -0.75           0.00
  RCA  3106  3136  OUTBOUND-CREDIT                 1         0.004          0.180      0.010          -0.04           0.00
  RCA  3113  3106  INBOUND                      5869       296.598     32,036.850    799.210       1,746.23           0.00
  RCA  3113  3106  INBOUND-NB                      2         0.026          3.740      0.090           0.00           0.18
  SAU  3106  4201  OUTBOUND-CREDIT                65         7.799        594.900     19.320        -337.89           0.00
  SAU  4201  3106  INBOUND                      1708       153.370     34,055.110    633.850       5,568.33           0.00
  SAU  4201  3106  INBOUND-NB                      5         0.078         10.480      0.440           0.00           1.80
  SGP  3106  5252  OUTBOUND-CREDIT                 1         0.025         11.790      0.190          -0.82           0.00
  SGP  5252  3106  INBOUND                      7023      1175.236    155,026.890  3,594.600       5,962.03           0.00
  TAI  3106  4877  OUTBOUND-CREDIT                30         0.711        194.890      4.840         -94.10           0.00
  TCI  3106  3763  OUTBOUND-NB                     1         0.000          0.000      0.000           0.00           0.00
  TCI  3106  3763  OUTBOUND-CREDIT                 3         0.001          0.000      0.000           0.00           0.00
  TCI  3763  3106  INBOUND-NB                    287         1.213         21.860      0.340           0.00           1.83
  THA  5201  3106  INBOUND                      3559       398.635     49,778.050  1,119.040       4,779.37           0.00
  THA  5201  3106  INBOUND-NB                     98         4.023        715.820     14.450           0.00          65.30
  TLX  3106  4872  OUTBOUND-CREDIT                 1         0.016          0.300      0.020          -0.28           0.00
  TLX  3106  4873  OUTBOUND-NB                     1         0.083          2.150      0.040           0.00           0.57
  TLX  3106  4873  OUTBOUND-CREDIT                14         7.079      3,652.290     58.830      -1,707.24           0.00
  TNT  3106  3110  OUTBOUND-CREDIT                 1         0.004          0.000      0.000          -0.02           0.00
  TNT  3106  3110  OUTBOUND-CREDIT-TNIC           11         0.912         55.480      2.910         -11.46           0.00
  TYM  0009  3106  INBOUND                         2         0.005          0.010      0.000           0.00           0.00
  TYM  3106  0009  OUTBOUND-CREDIT                16         0.250          1.820      0.060           0.00           0.00
  UAE  4243  3106  INBOUND                        17         1.833        449.160      8.300          20.27           0.00
  WUI  3104  3106  INBOUND                        72        18.527        390.120      6.670          51.09           0.00
  ZAF  3106  6550  OUTBOUND-CREDIT-TNIC            4         0.060          3.080      0.090          -0.91           0.00
  ANG  6315  3106  INBOUND                       115        16.836        549.690     17.760          56.22           0.00
  ARG  7222  3106  INBOUND                      2218       459.696     69,075.780  1,457.660       3,834.72           0.00
  ARG  7222  3106  INBOUND-NB                     19         1.175        359.330      5.480           0.00          13.32
  AUS  5052  3106  INBOUND                       655        73.700     12,342.060    275.120         348.82           0.00
  AUS  5053  3106  INBOUND                       442        56.220      5,386.590    122.230         178.45           0.00
  BHR  3106  4263  OUTBOUND-NB                     3         0.005          0.040      0.000           0.00           0.01
  BHR  3106  4263  OUTBOUND-CREDIT                57         1.614        163.570      4.100         -73.44           0.00
  BHR  4263  3106  INBOUND                      1325       128.381     14,177.500    373.920       2,093.09           0.00
  BHR  4263  3106  INBOUND-NB                    225      1029.935      5,259.620    138.120           0.00       3,232.28
  BHS  3640  3106  INBOUND                        62       158.522      6,596.140    152.340         976.65           0.00
  BMU  3106  3503  OUTBOUND-CREDIT               107         6.137      1,787.660     31.320        -573.12           0.00
  BMU  3503  3106  INBOUND                       496        61.843     10,221.050    261.530       1,145.79           0.00
  BMU  3503  3106  INBOUND-NB                     20        10.172      2,195.560     55.000           0.00         239.90
  BRA  7241  3106  INBOUND-TNIC                   10         0.408         24.270      0.460           4.05           0.00
  BRA  7249  3106  INBOUND                         1         0.580        230.060      5.220          30.20           0.00
  BRA  7249  3106  INBOUND-TNIC                   16         3.475        630.780     16.230          87.53           0.00
  CAM  6242  3106  INBOUND                         5         0.438         38.250      2.000           3.96           0.00
  CAM  6242  3106  INBOUND-TNIC                    7         0.546         71.330      2.590           5.10           0.00
  CHD  6222  3106  INBOUND                        15         0.786         99.830      1.820           4.23           0.00
  COL  7322  3106  INBOUND                      1123       215.832     26,067.610    516.570         732.40           0.00
  COL  7322  3106  INBOUND-NB                      9         1.703        253.070      4.460           0.00           6.17
  COL  7322  3106  INBOUND-TNIC                  144        14.922      2,010.650     38.630          53.55           0.00
  CRI  7122  3106  INBOUND                        68        12.582      1,715.570     49.550          69.90           0.00
  CRI  7122  3106  INBOUND-NB                      1         0.010          2.960      0.080           0.00           0.10
  CRI  7129  3106  INBOUND                       718        49.579      4,587.230    116.590         186.91           0.00
  CRI  7129  3106  INBOUND-NB                      6         0.305         69.290      1.320           0.00           1.83
  CSC  3106  3137  OUTBOUND-CREDIT                21         5.459        120.660      2.650         -45.78           0.00
  DPC  3106  3020  OUTBOUND                       33         7.347      1,980.820     34.080          49.03           0.00
  DPC  3106  3028  OUTBOUND-CREDIT               404         4.449      1,593.840     25.390        -106.90           0.00
  EGY  6020  3106  INBOUND                       883        73.516     13,555.190    274.330       1,502.55           0.00
  EGY  6020  3106  INBOUND-NB                      3         0.163         26.470      0.570           0.00           2.97
  GTM  7044  3106  INBOUND                       280        11.205        710.790     17.640          93.49           0.00
  GTM  7044  3106  INBOUND-NB                     10         0.914         72.530      1.800           0.00           9.08
  HKG  3106  4542  OUTBOUND-CREDIT                15         0.118         13.310      0.260          -2.02           0.00
  HKG  4542  3106  INBOUND                         7         0.032          4.050      0.080           0.19           0.00
  HND  3106  7080  OUTBOUND-CREDIT                39         0.013          0.000      0.030          -0.08           0.00
  HUN  2161  3106  INBOUND                         8         3.471        125.560      6.720          20.39           0.00
  HUN  2161  3106  INBOUND-TNIC                  233        39.499      4,649.350     91.990         262.98           0.00
  IRL  2724  3106  INBOUND                         1         0.057         20.000      0.450           0.51           0.00
  IRL  2724  3106  INBOUND-NB                      8         2.878        232.900      4.560           0.00           7.43
  IRL  3106  2724  OUTBOUND-CREDIT                 1         0.111         29.010      0.470          -1.75           0.00
  JAM  3106  3380  OUTBOUND-NB                     9         0.001          0.000      0.000           0.00           0.00
  JAM  3106  3380  OUTBOUND-CREDIT                83         0.166          0.000      1.150          -0.99           0.00
  JAM  3380  3106  INBOUND                      5483       560.049     38,023.400    893.110       4,922.43           0.00
  JAM  3380  3106  INBOUND-NB                   2982        44.842      9,783.520    242.900           0.00       1,068.03
  JPN  3106  4401  OUTBOUND                        1         0.040          2.530      0.050           0.14           0.00
  JPN  3106  4401  OUTBOUND-CREDIT               328        34.601      4,773.530     91.680        -558.79           0.00
  JPN  3106  4401  OUTBOUND-CREDIT-TNIC            6         1.088        131.000      3.050         -18.33           0.00
  JPN  3106  4408  OUTBOUND-CREDIT               212        24.355      6,232.560    115.510        -618.90           0.00
  JPN  3106  4408  OUTBOUND-CREDIT-TNIC            1         0.106         12.180      0.210          -1.40           0.00
  JPN  4401  3106  INBOUND                        48        10.797      1,997.600     36.510          69.77           0.00
  JPN  4408  3106  INBOUND                       919       159.186     21,346.640    475.880         936.68           0.00
  JPN  4408  3106  INBOUND-NB                      8         0.226         29.670      0.570           0.00           1.18
  KOR  3106  4501  OUTBOUND-CREDIT               440        10.071      2,578.450     72.940        -679.22           0.00
  KOR  4501  3106  INBOUND                         2         0.118         41.590      0.760           3.56           0.00
  MCL  2350  3106  INBOUND                       416       161.598     23,576.460    418.850         481.75           0.00
  MCL  2350  3106  INBOUND-NB                     29         0.240         19.560      1.210           0.00           1.20
  MCL  2351  3106  INBOUND                       680        53.063     15,761.420    805.270       1,629.20           0.00
  MCL  2351  3106  INBOUND-NB                      1         0.014          0.920      0.050           0.00           0.10
  MNI  5154  3106  INBOUND                         2         0.054         11.140      0.300           0.72           0.00
  MYS  3106  5021  OUTBOUND-CREDIT                13         3.101      1,818.250     33.120        -163.03           0.00
  MYS  5021  3106  INBOUND                         1         0.025          0.020      0.020           0.07           0.00
  NAN  3620  3106  INBOUND                       897       794.821      2,743.790     68.070       1,864.02           0.00
  PAN  3106  7141  OUTBOUND-NB                     2         0.092          0.000      0.050           0.00           0.18
  PAN  3106  7141  OUTBOUND-CREDIT               441        29.393      1,584.590     26.730        -649.06           0.00
  PAN  7141  3106  INBOUND                      2619       536.984     36,015.930    762.350       4,659.32           0.00
  PAN  7141  3106  INBOUND-NB                     16         1.972      2,166.910     54.160           0.00         220.57
  PAN  7142  3106  INBOUND                       326        94.943     10,596.580    264.750       1,249.54           0.00
  PHP  5151  3106  INBOUND                       570        59.487      8,055.380    187.520         508.88           0.00
  PHP  5151  3106  INBOUND-TNIC                    1         0.026          1.770      0.180           0.42           0.00
  RCA  3106  3136  OUTBOUND                      305        35.604     12,488.170    222.440         520.77           0.00
  RCA  3106  3136  OUTBOUND-CREDIT                72         5.192        620.030     13.450         -98.11           0.00
  SEN  6081  3106  INBOUND-TNIC                   85         3.078        607.540     14.870          29.17           0.00
  SGP  3106  5252  OUTBOUND-CREDIT               134         5.838      3,860.650     70.580        -286.56           0.00
  SGP  5252  3106  INBOUND                      3370       516.494     63,089.150  1,494.150       2,513.18           0.00
  TAI  3106  4877  OUTBOUND-CREDIT                58         1.596        470.530     10.690        -226.11           0.00
  TAI  4877  3106  INBOUND                        10         2.399        166.320      3.070          32.14           0.00
  TCI  3106  3763  OUTBOUND-NB                     1         0.000          0.000      0.000           0.00           0.00
  TCI  3106  3763  OUTBOUND-CREDIT                 2         0.001          0.000      0.000           0.00           0.00
  TCI  3763  3106  INBOUND-NB                    281         1.149         21.590      0.340           0.00           0.00
  THA  5201  3106  INBOUND                         3         0.292         59.650      1.200           2.99           0.00
  TLX  3106  4873  OUTBOUND-CREDIT                23         3.535        388.990      8.050        -206.86           0.00
  TLX  3106  8010  OUTBOUND                     1365        23.954      1,362.910     34.120          96.91           0.00
  TLX  3106  8020  OUTBOUND                      523         6.316        833.700     16.500          42.62           0.00
  TLX  3106  8030  OUTBOUND                      256         3.259        201.050      4.650          13.74           0.00
  TLX  3106  8231  OUTBOUND                     4822       100.338      3,677.100    130.000         332.81           0.00
  TLX  4872  3106  INBOUND                         1         0.158         22.420      1.360           3.84           0.00
  TNT  3106  3110  OUTBOUND                      707       103.710      9,810.900    252.740         560.58           0.00
  TNT  3106  3110  OUTBOUND-CREDIT               135        15.060      1,242.200     54.460        -224.51           0.00
  TRT  3106  3119  OUTBOUND                     1596        19.690      6,516.200    196.450         273.87           0.00
  TRT  3106  3119  OUTBOUND-NB                    28         1.517          1.950      0.700           0.00           3.10
  TRT  3106  3119  OUTBOUND-CREDIT              1033         9.029        840.050     87.220        -144.85           0.00
  TRT  3106  3119  OUTBOUND-TNIC                 252        45.624      3,613.570    129.340         221.32           0.00
  TRT  3119  3106  INBOUND                       586        44.072      8,169.000    246.360         382.19           0.00
  TRT  3119  3106  INBOUND-NB                     38         7.324        625.700     15.010           0.00          37.17
  TRT  3119  3106  INBOUND-TNIC                    2         0.161         16.920      1.440           0.93           0.00
  TTO  3106  3740  OUTBOUND-NB                     2         0.023          0.670      0.010           0.00           0.07
  TTO  3106  3740  OUTBOUND-CREDIT               133         5.169        920.140     64.220        -416.37           0.00
  TTO  3740  3106  INBOUND                      1144       542.738     13,280.920    355.270       1,796.02           0.00
  TTO  3740  3106  INBOUND-NB                     46         6.924        700.150     17.480           0.00          48.80
  TTO  3745  3106  INBOUND                       155        19.295      3,716.160     62.520         163.63           0.00
  TUN  6050  3106  INBOUND                        19         1.675        142.820      3.780           0.00           0.00
  TUN  6050  3106  INBOUND-TNIC                    2         0.040          8.090      0.220           0.00           0.00
  TYM  3106  0009  OUTBOUND-CREDIT                18         0.227          1.340      0.030           0.00           0.00
  UAE  4243  3106  INBOUND                        11         0.839         91.380      2.390           6.46           0.00
  WUI  3104  3106  INBOUND                         1         0.107          6.730      0.110           0.45           0.00
  AUS  3106  5052  OUTBOUND-CREDIT-TNIC           43         0.904        217.340      3.750         -13.99           0.00
  BMU  3106  3503  OUTBOUND-NB                     2         0.006          3.150      0.050           0.00           0.32
  BMU  3106  3503  OUTBOUND-CREDIT                14         0.004          0.000      0.020          -0.02           0.00
  BMU  3503  3106  INBOUND                       485        48.459      7,027.370    174.390         799.65           0.00
  BMU  3503  3106  INBOUND-NB                     12        11.519      1,120.390     28.000           0.00         135.07
  BRB  3106  3423  OUTBOUND-NB                     7         0.001          0.000      0.000           0.00           0.00
  BRB  3106  3423  OUTBOUND-CREDIT               142         0.048          0.000      0.160          -0.28           0.00
  BRB  3423  3106  INBOUND                       250      1298.220      4,114.870    102.510       3,007.92           0.00
  BRB  3423  3106  INBOUND-NB                     66         6.939        336.000      8.360           0.00          47.48
  CAY  3106  3463  OUTBOUND-NB                     5         0.033          0.000      0.050           0.00           0.06
  CAY  3106  3463  OUTBOUND-CREDIT                87         0.030          0.000      0.080          -0.18           0.00
  CAY  3463  3106  INBOUND                      1134       103.077      9,042.540    225.540       1,110.40           0.00
  CAY  3463  3106  INBOUND-NB                   1144      1695.767      4,902.500    122.050           0.00       3,881.78
  COL  7322  3106  INBOUND                         6         1.377        248.100      4.340          11.28           0.00
  COL  7322  3106  INBOUND-TNIC                    3         0.251         87.100      1.470           3.39           0.00
  FTC  3124  3106  INBOUND                       432      1405.736     16,042.790    476.200       3,388.99           0.00
  HKG  4545  3106  INBOUND                         1         0.219         54.400      1.120           2.35           0.00
  JPN  4401  3106  INBOUND                       425        70.501      4,170.550    156.370         334.62           0.00
  JPN  4408  3106  INBOUND                      2716       219.093     23,086.300    455.220         994.48           0.00
  MCL  2350  3106  INBOUND                        38         1.437        102.220      2.620           3.36           0.00
  MCL  2350  3106  INBOUND-NB                      2         0.016          0.420      0.070           0.00           0.07
  MCL  2351  3106  INBOUND                       373        31.497      3,914.320     99.410         422.93           0.00
  PAN  7141  3106  INBOUND                         1         0.029          1.730      0.040           0.23           0.00
  SGP  3106  5252  OUTBOUND-CREDIT                85         2.589        612.910     14.760         -65.06           0.00
  SGP  5252  3106  INBOUND                        11         0.850         38.840      1.010           2.33           0.00
  TCI  3106  3763  OUTBOUND-CREDIT                 3         0.001          0.000      0.000           0.00           0.00
  TCI  3763  3106  INBOUND-NB                    278         1.174         22.010      0.370           0.00           1.80
  TNT  3106  3110  OUTBOUND-CREDIT-TNIC            1         0.015          0.130      0.020          -0.10           0.00
  TRT  3106  3119  OUTBOUND                      141        17.907      1,041.030     37.390          73.28           0.00
  TRT  3119  3106  INBOUND                         2         0.012          0.180      0.000           0.03           0.00
  TYMNET                                                                                                         PAGE    1
  AUS  5052  3106  INBOUND                       105        11.449      1,724.020     40.680          52.13           0.00
  AUS  5053  3106  INBOUND                        40         2.179        240.140      6.830           9.01           0.00
  BHR  4263  3106  INBOUND                        93         5.097        784.660     18.210         110.82           0.00
  CHL  7302  3106  INBOUND                       912       116.454     16,166.530    437.920       1,108.75           0.00
  CHL  7303  3106  INBOUND                         7         1.110         98.990      2.120           6.47           0.00
  CHL  7305  3106  INBOUND                       538        39.726      5,091.810    110.090         299.65           0.00
  DMR  3701  3106  INBOUND                        19         3.514      1,006.800     27.040         122.04           0.00
  DMR  3701  3106  INBOUND-NB                      5         0.528        102.780      1.960           0.00          12.88
  HKG  4542  3106  INBOUND                        97         6.854        780.620     19.100          53.63           0.00
  HKG  4546  3106  INBOUND                         3         0.060         11.330      0.340           0.81           0.00
  ISR  3106  4251  OUTBOUND-CREDIT                35         3.365         37.020      2.110         -32.38           0.00
  ISR  4251  3106  INBOUND-TNIC                    2         0.146         15.060      0.350           0.98           0.00
  JPN  4400  3106  INBOUND                       491        46.093     11,523.870    959.830       3,063.87           0.00
  KEN  6390  3106  INBOUND                       157         5.530        639.430     12.640          29.53           0.00
  MYS  5021  3106  INBOUND                       801       371.514     27,575.380    533.480       1,357.47           0.00
  MYS  5021  3106  INBOUND-NB                      1         0.115         16.920      0.390           0.00           0.77
  PAN  7142  3106  INBOUND                        41        25.727      3,175.300     63.590         178.64           0.00
  THA  5201  3106  INBOUND                        11         1.795        222.160      4.730          21.36           0.00
  TNT  3106  3110  OUTBOUND-NB                     1         0.023          0.070      0.000           0.00           0.04
  TNT  3106  3110  OUTBOUND-CREDIT              1718       387.805     50,590.910  2,621.810      -7,790.53           0.00
  TNT  3110  3106  INBOUND                      1056       136.958     18,827.880    536.530         951.66           0.00
  TNT  3110  3106  INBOUND-NB                      2         0.003          1.680      0.070           0.00           0.06
  TNT  3110  3106  INBOUND-TNIC                    2         0.863         25.610      1.160           2.64           0.00
  TUR  2862  3106  INBOUND                       123        16.706      2,322.480     62.440         158.29           0.00
  VEN  7340  3106  INBOUND                        73         6.812      1,827.940     35.850          53.32           0.00
  C&W-HONG KONG                                                                                                  PAGE    1
  RADIO SUISSE LTD                                                                                               PAGE    1
  RADIO SUISSE LTD                                                                                               PAGE    1
  AUS  3106  5052  OUTBOUND-CREDIT-TNIC            1         0.105         18.540      0.300          -1.23           0.00
  BHR  3106  4263  OUTBOUND-CREDIT               235         8.802      1,899.260     30.730        -778.23           0.00
  CHN  3106  4602  OUTBOUND-CREDIT                 1         0.016          0.000      0.000           0.00           0.00
  CHN  3106  4602  OUTBOUND-CREDIT-TNIC          567        58.787      1,507.450     65.990           0.00           0.00
  CYP  2802  3106  INBOUND                        61         5.555        190.870      8.260           0.00           0.00
  HKG  3106  4542  OUTBOUND-CREDIT                99         2.166        259.190      4.190         -39.78           0.00
  IDN  3106  5101  OUTBOUND-CREDIT                25         0.638          1.350      0.020          -3.98           0.00
  IDN  3106  5101  OUTBOUND-CREDIT-TNIC         3448       589.554      5,407.840    245.750      -5,011.85           0.00
  IRL  2724  3106  INBOUND                         5         1.908        243.740      7.860           9.76           0.00
  IRL  2724  3106  INBOUND-TNIC                   13         0.410         88.790      1.710           2.12           0.00
  IRL  3106  2724  OUTBOUND-CREDIT-TNIC          595       118.353      2,300.130    203.440        -965.39           0.00
  ISR  3106  4251  OUTBOUND-CREDIT               112         8.029          1.460      0.110         -48.84           0.00
  ISR  3106  4251  OUTBOUND-CREDIT-TNIC         3942       369.501      2,217.050    163.670      -3,199.05           0.00
  ISR  4251  3106  INBOUND                       325        57.191      4,627.830    144.840         404.07           0.00
  ISR  4251  3106  INBOUND-NB                      3         0.028          7.210      0.240           0.00           0.55
  ISR  4251  3106  INBOUND-TNIC                14010      1145.133    205,261.470  4,900.570      12,091.42           0.00
  JPN  3106  4401  OUTBOUND-CREDIT               150        11.929      1,455.680     27.870        -176.13           0.00
  JPN  3106  4408  OUTBOUND-CREDIT              1176        38.563      3,928.250     75.140        -503.09           0.00
  JPN  3106  4411  OUTBOUND-CREDIT-TNIC           51        24.050      1,974.230     47.180        -315.22           0.00
  JPN  4408  3106  INBOUND                         4         0.331        222.210      6.010           9.35           0.00
  JPN  4408  3106  INBOUND-TNIC                   27         2.613      1,877.770     31.100          49.73           0.00
  JPN  4411  3106  INBOUND                        18         5.404      1,263.730     36.300          61.51           0.00
  JPN  4411  3106  INBOUND-TNIC                 1200       169.467     23,111.680    482.580         961.71           0.00
  KOR  3106  4501  OUTBOUND-CREDIT               100         1.472        261.710      6.560         -20.01           0.00
  MCL  3106  2350  OUTBOUND-CREDIT                 5         0.076          0.200      0.000          -0.20           0.00
  MCL  3106  2350  OUTBOUND-CREDIT-TNIC          286       546.240      3,967.240     78.650      -1,555.97           0.00
  MCL  3106  2352  OUTBOUND-CREDIT-TNIC          209       125.283     11,884.660    235.310      -3,941.25           0.00
  PHP  3106  5151  OUTBOUND-CREDIT-TNIC            3         0.088          0.000      0.550          -3.92           0.00
  SGP  3106  5252  OUTBOUND-CREDIT                37         0.754         47.640      0.800          -5.83           0.00
  SGP  3106  5252  OUTBOUND-CREDIT-TNIC         9311      1137.896     73,805.970  1,265.720      -9,013.23           0.00
  TLX  3106  4873  OUTBOUND-CREDIT                 8        10.679      8,489.690    134.880        -491.27           0.00
  TYM  3106  0009  OUTBOUND-CREDIT                14         0.204          1.370      0.020           0.00           0.00
  UAE  3106  4243  OUTBOUND-CREDIT                 1         0.008          0.000      0.000          -0.04           0.00
  UAE  3106  4243  OUTBOUND-CREDIT-TNIC          240       161.923        750.770     25.360      -1,309.39           0.00
  UAE  4243  3106  INBOUND                      1562       169.354     18,410.930    460.090       3,100.30           0.00
  UAE  4243  3106  INBOUND-NB                     30         0.053         26.910      1.360           0.00           4.14
  UAE  4243  3106  INBOUND-TNIC                 1904       477.592     24,760.360    511.580       4,669.19           0.00
  ZAF  3106  6550  OUTBOUND-CREDIT                21         0.532          1.300      0.020          -3.26           0.00
  ZAF  3106  6550  OUTBOUND-CREDIT-TNIC          380        45.843      5,032.010    105.120        -892.18           0.00
  ZAF  6550  3106  INBOUND                         3         0.912         81.950      1.930           5.61           0.00
  ZAF  6550  3106  INBOUND-TNIC                    3         1.694        152.360      4.420          12.04           0.00
  ZIM  6482  3106  INBOUND                         3         0.025          1.070      0.180           0.00           0.00
  ZIM  6482  3106  INBOUND-TNIC                  156         7.981        745.370     13.210           0.00           0.00
  DATA MANAGEMENT CO                                                                                             PAGE    1
  TNT  3106  3110  OUTBOUND-CREDIT-TNIC         1153       197.068     35,594.260  1,025.140      -5,026.51           0.00
  JAMAICA                                                                                                        PAGE    1
  TRINIDAD                                                                                                       PAGE    1
  BARBADOS                                                                                                       PAGE    1
  CAYMAN ISLANDS                                                                                                 PAGE    1
  PHILIPPINES GLOBAL COMM. INC.                                                                                  PAGE    1
  PHILIPPINES                                                                                                    PAGE    1
  COSTA RICA                                                                                                     PAGE    1
  COSTA RICA                                                                                                     PAGE    1
    M 3