  ARG  3106  7222  OUTBOUND-CREDIT                87       328.994        515.780     18.110      -2,082.67           0.00
  ARG  3106  7222  OUTBOUND-CREDIT-TNIC            8        84.791         93.760      4.000        -532.74           0.00
  ARG  7222  3106  INBOUND                      5637       598.165     92,448.460  2,003.180       5,202.69           0.00
  ARG  7222  3106  INBOUND-NB                     11         0.436        181.510      3.050           0.00           6.98
  AUS  3106  5052  OUTBOUND-CREDIT                59         1.804        349.940      8.120         -29.77           0.00
  AUS  3106  5053  OUTBOUND                        5         2.213         36.030      0.910           3.12           0.00
  AUS  3106  5053  OUTBOUND-CREDIT                 4         0.027         11.360      0.180          -0.62           0.00
  AUS  5052  3106  INBOUND                      2112       211.341     35,946.450    772.850         984.19           0.00
  AUS  5053  3106  INBOUND                      1127        98.087     17,608.600    377.230         475.32           0.00
  AUS  5053  3106  INBOUND-NB                     14         0.209         35.030      1.300           0.00           1.51
  BHR  3106  4263  OUTBOUND-NB                   153         0.823          0.000      8.110           0.00           2.05
  BHR  3106  4263  OUTBOUND-CREDIT                27         4.584        302.170      7.540        -147.70           0.00
  BHR  4263  3106  INBOUND                      3291       413.424     39,863.380  1,116.820       6,016.36           0.00
  BHR  4263  3106  INBOUND-NB                    162        58.067      1,435.960     37.090           0.00         324.65
  BMU  3106  3503  OUTBOUND                        1         0.001          0.060      0.000           0.00           0.00
  BMU  3106  3503  OUTBOUND-NB                    31         0.197          0.000      2.780           0.00           0.39
  BMU  3106  3503  OUTBOUND-CREDIT                15         0.974         70.540     30.500         -27.00           0.00
  BMU  3503  3106  INBOUND                       461        81.530      6,283.170    163.360         791.37           0.00
  BMU  3503  3106  INBOUND-NB                     41        30.978      2,168.380     54.180           0.00         278.79
  BRA  3106  7240  OUTBOUND-NB                     4         0.046          0.420      0.020           0.00           0.13
  CHL  3106  7302  OUTBOUND                        1         0.004          0.070      0.000           0.01           0.00
  CHL  3106  7305  OUTBOUND                      170        77.571      9,275.980    274.030         703.21           0.00
  CHL  7303  3106  INBOUND                        71         5.719        862.950     16.260          43.96           0.00
  CHN  4602  3106  INBOUND                         2         0.588        135.210      2.520          22.04           0.00
  CHN  4602  3106  INBOUND-TNIC                    1         0.277         22.460      0.740           4.20           0.00
  COL  3106  7322  OUTBOUND                       18         0.830         86.330      1.770           2.60           0.00
  COL  3106  7322  OUTBOUND-CREDIT               145         9.322      4,594.770     70.290        -238.84           0.00
  COL  3106  7322  OUTBOUND-TNIC                   2         0.001          0.160      0.000           0.00           0.00
  COL  7322  3106  INBOUND                      1247       287.995     30,997.030    616.320         904.31           0.00
  COL  7322  3106  INBOUND-NB                      5         0.889        167.520      2.960           0.00           3.85
  COL  7322  3106  INBOUND-TNIC                  124        20.329      1,742.100     34.380          54.71           0.00
  CPS  3106  3132  OUTBOUND-NB                     2         0.023          0.170      0.000           0.00           0.05
  CZE  2301  3106  INBOUND                         2         0.012          1.920      0.120           0.11           0.00
  CZE  2301  3106  INBOUND-TNIC                    1         0.028         15.480      0.290           0.26           0.00
  DPC  3106  3020  OUTBOUND-CREDIT               394        81.368      5,589.200    130.380        -702.52           0.00
  DPC  3106  3025  OUTBOUND-CREDIT                 6         0.050          0.340      0.000          -0.16           0.00
  DPC  3106  3025  OUTBOUND-CREDIT-TNIC            3         0.016          0.230      0.000          -0.05           0.00
  IND  3106  4042  OUTBOUND                        1         0.025          0.060      0.000           0.02           0.00
  IND  3106  4042  OUTBOUND-NB                     3         0.093         36.550      0.720           0.00           0.82
  IND  4042  3106  INBOUND                      3880       501.906     49,697.420  1,411.070       1,912.98           0.00
  IND  4042  3106  INBOUND-NB                     24         1.048        235.330      4.890           0.00           5.94
  IND  4043  3106  INBOUND                       163        30.375      3,559.850     91.680         122.05           0.00
  IND  4043  3106  INBOUND-NB                     10         0.167         33.130      0.910           0.00           1.07
  IRL  2724  3106  INBOUND                      4236       253.115     36,774.210    747.040       1,000.15           0.00
  IRL  2724  3106  INBOUND-NB                      1         0.112          5.510      0.120           0.00           0.24
  IRL  3106  2724  OUTBOUND                       31         4.788        516.670     16.800          21.58           0.00
  IRL  3106  2724  OUTBOUND-CREDIT               257        34.301     13,521.830    215.270        -748.73           0.00
  IRL  3106  2724  OUTBOUND-CREDIT-TNIC            5         0.753        131.330      2.280          -9.11           0.00
  ISR  3106  4251  OUTBOUND-NB                     1         0.001          0.000      0.000           0.00           0.00
  ISR  4251  3106  INBOUND                        11         3.001        146.410      5.250          13.41           0.00
  JPN  3106  4401  OUTBOUND                       17         0.162          4.330      0.170           0.49           0.00
  JPN  3106  4401  OUTBOUND-CREDIT               175        35.596      1,661.810     30.210        -291.19           0.00
  JPN  3106  4408  OUTBOUND                       15         4.135      3,565.320     80.340         124.60           0.00
  JPN  3106  4408  OUTBOUND-CREDIT                90        73.646      5,450.180    100.580        -770.94           0.00
  JPN  4410  3106  INBOUND                       288        65.364      9,185.910    169.810         346.86           0.00
  KOR  3106  4501  OUTBOUND                        1         0.000          0.070      0.000           0.00           0.00
  KOR  3106  4501  OUTBOUND-CREDIT                 1         0.001          0.060      0.000           0.00           0.00
  KOR  3106  4501  OUTBOUND-TNIC                  18         0.009          1.380      0.010           0.02           0.00
  KOR  3106  4501  OUTBOUND-CREDIT-TNIC           12         0.021          0.820      0.010          -0.09           0.00
  KOR  4500  3106  INBOUND                      1175        51.608     10,773.240    251.310         302.92           0.00
  MAN  3106  5156  OUTBOUND-NB                    67         0.044          0.000      0.350           0.00           0.80
  MAN  3106  5156  OUTBOUND-CREDIT                29         0.008          0.000      0.310          -1.97           0.00
  MAN  5156  3106  INBOUND                       610       105.311     50,169.290  1,253.910       2,744.76           0.00
  MAN  5156  3106  INBOUND-NB                     83         6.941        576.140     14.360           0.00          44.34
  MCL  2350  3106  INBOUND                         4         0.009          0.200      0.000           0.01           0.00
  MCL  3106  2350  OUTBOUND-CREDIT                 1         0.001          0.100      0.000           0.00           0.00
  MCL  3106  2350  OUTBOUND-CREDIT-TNIC            1         0.011          0.190      0.020          -0.09           0.00
  MCL  3106  2351  OUTBOUND-NB                     2         0.047          0.200      0.010           0.00           0.06
  MNR  3106  5152  OUTBOUND                      191        12.163      1,881.100    196.150         338.51           0.00
  MNR  3106  5152  OUTBOUND-CREDIT                 1         0.005          0.220      0.010          -0.09           0.00
  MNR  3106  5152  OUTBOUND-CREDIT-TNIC            1         0.015          0.090      0.010          -0.13           0.00
  MNR  5152  3106  INBOUND                      1275        76.618      7,437.950    217.820         478.41           0.00
  MYS  3106  5021  OUTBOUND                      230        22.406      1,063.990     18.640          61.57           0.00
  MYS  3106  5021  OUTBOUND-CREDIT               151        15.878        822.490     14.530        -136.84           0.00
  MYS  5021  3106  INBOUND                       585       129.864     14,316.210    332.950         694.21           0.00
  MYS  5021  3106  INBOUND-NB                      1         0.019          2.850      0.080           0.00           0.15
  NAN  3106  3620  OUTBOUND                        1         0.001          0.070      0.000           0.00           0.00
  NZL  3106  5301  OUTBOUND                        5         2.635        299.110      6.640           9.28           0.00
  NZL  3106  5301  OUTBOUND-CREDIT                 7         0.842        176.410      4.020         -14.60           0.00
  NZL  5301  3106  INBOUND-TNIC                    1         0.163          8.910      0.270           0.44           0.00
  PAK  3106  4100  OUTBOUND-NB                     1         0.158          0.080      0.000           0.00           0.16
  PAK  4100  3106  INBOUND                        68        11.131      1,934.550     39.470          50.60           0.00
  PER  3106  7160  OUTBOUND-CREDIT               114       352.354     30,390.250    583.330     -14,039.00           0.00
  PER  7160  3106  INBOUND                      1479       271.184     46,402.940    887.610       6,478.27           0.00
  RCA  3106  3113  OUTBOUND                        2         0.000          0.000      0.000           0.00           0.00
  RCA  3106  3136  OUTBOUND-NB                     1         0.018          0.140      0.000           0.00           0.04
  RCA  3106  3136  OUTBOUND-CREDIT                 8         0.336         66.230      1.170          -9.17           0.00
  SAU  3106  4201  OUTBOUND                      328        37.429      1,479.230     25.510         334.16           0.00
  SAU  3106  4201  OUTBOUND-TNIC                   2         0.249         20.290      0.320           3.79           0.00
  SEN  6081  3106  INBOUND-TNIC                   36         1.374        227.140      5.960          11.93           0.00
  SGP  3106  5252  OUTBOUND-CREDIT                 3         0.023         21.370      0.350          -1.42           0.00
  TAI  3106  4877  OUTBOUND                      100         1.120        474.240     11.800          25.44           0.00
  TAI  3106  4877  OUTBOUND-CREDIT                37         1.209        315.730      8.220         -55.77           0.00
  TAI  4877  3106  INBOUND                       186        21.737      5,284.600     99.070         237.98           0.00
  TCI  3106  3763  OUTBOUND-NB                     2         0.000          0.000      0.000           0.00           0.00
  TCI  3106  3763  OUTBOUND-CREDIT                10         0.002          0.000      0.000          -0.01           0.00
  TCI  3763  3106  INBOUND-NB                    500         2.203         38.500      0.600           0.00           8.25
  TLX  3106  4873  OUTBOUND                      356        39.893     20,749.420    315.140         699.41           0.00
  TLX  3106  4873  OUTBOUND-CREDIT               166        28.318     14,238.890    217.000      -1,449.83           0.00
  TLX  4873  3106  INBOUND                        27         2.861        583.180     12.440          30.15           0.00
  TNT  3106  3110  OUTBOUND                       11         1.442        311.290      9.860          14.09           0.00
  TNT  3106  3110  OUTBOUND-CREDIT                54         8.495        522.850     25.840        -107.43           0.00
  TNT  3106  3110  OUTBOUND-CREDIT-TNIC           16         0.321         74.720      1.440          -9.99           0.00
  TNT  3110  3106  INBOUND                        11         0.106          0.430      0.000           0.22           0.00
  TUN  6050  3106  INBOUND-TNIC                   11         0.337         36.820      0.790           0.00           0.00
  TUR  2863  3106  INBOUND                      4032       273.810     34,155.920    731.800         834.44           0.00
  TUR  2863  3106  INBOUND-NB                      4         0.058         34.200      0.730           0.00           0.65
  TUR  3106  2863  OUTBOUND-CREDIT               168         4.822      2,123.480     32.860         -93.82           0.00
  TUR  3106  2863  OUTBOUND-CREDIT-TNIC            8         0.173         94.540      1.440          -4.02           0.00
  TYM  3106  0009  OUTBOUND-NB                     1         0.024          0.400      0.010           0.00           0.00
  URG  7482  3106  INBOUND                        40         0.486         54.070      1.320           3.34           0.00
  USW  3106  3147  OUTBOUND-NB                     1         0.013          0.410      0.020           0.00           0.04
  WAG  3106  3149  OUTBOUND-CREDIT                 4         0.056          5.460      0.110          -0.92           0.00
  WAG  3149  3106  INBOUND                        14         0.470          0.110      0.000           0.94           0.00
  WUI  3104  3106  INBOUND                      9825       502.286     43,643.170    842.020       2,575.24           0.00
  WUI  3104  3106  INBOUND-NB                     75       133.549        425.630     10.600           0.00         282.41
  WUI  3104  3106  INBOUND-TNIC                   53         6.821      2,876.430     54.500         117.19           0.00
  WUI  3106  3104  OUTBOUND                     3080       837.053     73,074.730  2,174.370       4,304.64           0.00
  WUI  3106  3104  OUTBOUND-NB                   613         8.385        738.720     83.780           0.00          43.36
  WUI  3106  3104  OUTBOUND-CREDIT             18642      3030.910    244,078.720  5,596.380     -44,544.61           0.00
  WUI  3106  3104  OUTBOUND-CREDIT-TNIC            6         0.089          1.990      0.370          -0.75           0.00
  ZAF  3106  6550  OUTBOUND-CREDIT                 5         0.006          0.280      0.000          -0.06           0.00
  ZAF  3106  6550  OUTBOUND-CREDIT-TNIC           28         2.037        210.210      6.350         -49.60           0.00
  ARG  3106  7222  OUTBOUND-NB                    64         0.156          0.000      1.860           0.00           0.38
  ARG  3106  7222  OUTBOUND-CREDIT                11         0.001          0.000      0.000          -0.01           0.00
  ARG  7220  3106  INBOUND                       778       165.461     10,713.240    228.380       1,752.78           0.00
  ARG  7222  3106  INBOUND                       513       118.286      9,593.170    215.810       1,494.84           0.00
  ARG  7222  3106  INBOUND-NB                     18         5.931        113.130      1.820           0.00          28.96
  ATG  3106  3443  OUTBOUND-NB                   129         0.857          0.000      9.110           0.00           1.71
  ATG  3106  3443  OUTBOUND-CREDIT                20         0.003          0.000      0.000          -0.01           0.00
  ATG  3443  3106  INBOUND                       327        11.199      1,841.370     46.100         169.69           0.00
  ATT  3106  3134  OUTBOUND-CREDIT              1445       113.538      8,530.240    234.790        -626.89           0.00
  ATT  3134  3106  INBOUND                      1737       142.019      9,642.570    193.810         201.42           0.00
  AUS  3106  5052  OUTBOUND-CREDIT                 2         0.013         13.000      0.200          -0.65           0.00
  AUS  5052  3106  INBOUND                       392        46.187      8,407.080    169.640         215.83           0.00
  AUS  5053  3106  INBOUND                       210        18.784      3,203.130     76.580          95.36           0.00
  BHR  3106  4263  OUTBOUND-NB                   117         0.721          0.180      8.270           0.00           1.82
  BHR  3106  4263  OUTBOUND-CREDIT                52         3.807        271.640      6.780        -130.42           0.00
  BHR  4263  3106  INBOUND                      3492       454.355     44,484.710  1,207.130       6,696.35           0.00
  BHR  4263  3106  INBOUND-NB                    147        28.282      1,373.410     37.650           0.00         242.37
  BLZ  7020  3106  INBOUND                       143         5.709        883.730     19.610          28.48           0.00
  BLZ  7020  3106  INBOUND-NB                      1         0.008          1.880      0.040           0.00           0.05
  BMU  3106  3503  OUTBOUND-CREDIT                13         5.116        158.830      4.760         -78.34           0.00
  BRA  3106  7241  OUTBOUND-CREDIT                24       108.217        966.120     20.770      -1,173.92           0.00
  BRA  7240  3106  INBOUND                       122         7.637      1,096.040     26.450         156.09           0.00
  BRA  7241  3106  INBOUND                       137        16.660      1,610.990     34.450         243.02           0.00
  BRA  7249  3106  INBOUND                       405        49.345      5,790.830    152.080         847.20           0.00
  BVI  3106  3483  OUTBOUND-NB                     1         0.000          0.000      0.000           0.00           0.00
  BVI  3106  3483 OUND-CREDIT                 3         0.000          0.000      0.000           0.00           0.00
  BVI  3483  3106  INBOUND                        16         2.681        339.510      8.010          44.89           0.00
  BVI  3483  3106  INBOUND-NB                    128         0.567         11.890      0.250           0.00           2.75
  CHN  4602  3106  INBOUND                      1222       105.523     12,107.060    231.710       2,132.59           0.00
  COL  7322  3106  INBOUND                      1099       202.195     14,187.140    300.070         989.41           0.00
  COL  7322  3106  INBOUND-NB                      1         0.008          1.030      0.050           0.00           0.12
  DMR  3106  3700  OUTBOUND-NB                     1         0.000          0.000      0.000           0.00           0.00
  DMR  3106  3700  OUTBOUND-CREDIT                12         0.002          0.000      0.000          -0.01           0.00
  DMR  3700  3106  INBOUND                       167        21.587      4,215.690    105.310         528.22           0.00
  DMR  3700  3106  INBOUND-NB                      5         0.461         37.240      0.920           0.00           5.34
  DMR  3701  3106  INBOUND                         3         0.032          0.670      0.030           0.15           0.00
  DOM  3101  3106  INBOUND                       989        27.562      1,452.740     36.680         107.37           0.00
  DOM  3106  3101  OUTBOUND                        4         0.160         31.570      0.680           1.45           0.00
  DPC  3025  3106  INBOUND                         5         0.306         22.990      0.680           0.47           0.00
  DPC  3028  3106  INBOUND                       530        50.457     14,648.910    303.280         205.78           0.00
  DPC  3106  3020  OUTBOUND-NB                     1         0.025          0.460      0.010           0.00           0.02
  DPC  3106  3020  OUTBOUND-CREDIT                76        13.741        992.610     22.360         -62.50           0.00
  GRA  3106  3118  OUTBOUND-CREDIT              1270        67.056     10,671.420    188.500        -301.72           0.00
  HKG  3106  4545  OUTBOUND-CREDIT                 1         0.019          0.190      0.000          -0.17           0.00
  HKG  4542  3106  INBOUND                      2279       244.256     46,349.940    866.560       2,282.62           0.00
  HKG  4546  3106  INBOUND                        22         0.657         50.360      1.820           5.13           0.00
  HKG  4546  3106  INBOUND-NB                     11         0.289        142.810      2.410           0.00           5.47
  IDN  3106  5101  OUTBOUND-CREDIT                 3         0.108         11.190      0.230          -2.06           0.00
  IDN  5101  3106  INBOUND                      3098       372.850     35,177.840  1,076.440       2,898.58           0.00
  IDN  5101  3106  INBOUND-NB                     57         7.057        955.200     31.470           0.00          77.07
  IRL  3106  2724  OUTBOUND-CREDIT                 6         0.662         56.730      0.990          -4.98           0.00
  IRL  3106  2724  OUTBOUND-CREDIT-TNIC            1         0.099          7.980      0.140          -0.73           0.00
  ISR  4251  3106  INBOUND                      6839       461.170     62,908.860  1,614.270       4,150.88           0.00
  ITT  3103  3106  INBOUND                        12         0.428         41.840      0.900           2.36           0.00
  ITT  3106  3103  OUTBOUND                        4         0.055          0.310      0.000           0.12           0.00
  ITT  3106  3103  OUTBOUND-CREDIT                34         0.621          5.010      0.110          -4.26           0.00
  ITT  3106  3107  OUTBOUND-NB                    73         2.248          0.000     11.900           0.00           4.49
  ITT  3106  3107  OUTBOUND-CREDIT                42         3.219          0.550    286.260         -19.37           0.00
  JAM  3380  3106  INBOUND                      3527       372.638     23,979.040    534.980       1,020.91           0.00
  JPN  3106  4401  OUTBOUND-CREDIT               175         5.672      1,207.700     21.050        -118.25           0.00
  JPN  3106  4408  OUTBOUND-CREDIT                73        53.344      3,595.220     73.770        -562.48           0.00
  JPN  4401  3106  INBOUND                       309        16.038      2,434.320     46.770          92.64           0.00
  JPN  4408  3106  INBOUND                      2770      1053.121     35,978.960    750.100       2,659.62           0.00
  JPN  4408  3106  INBOUND-NB                      1         0.218         71.420      1.210           0.00           2.11
  KOR  3106  4501  OUTBOUND-CREDIT-TNIC            6         0.010          0.410      0.000          -0.16           0.00
  KOR  4501  3106  INBOUND                         6         0.323         43.650      0.980           4.13           0.00
  MNI  3106  5154  OUTBOUND-NB                    74         1.566          6.250      6.130           0.00           5.63
  MNI  3106  5154  OUTBOUND-CREDIT                38         0.007          0.040      0.000          -0.08           0.00
  MNI  5154  3106  INBOUND                      2916       513.601     50,931.010  1,234.060       9,180.38           0.00
  MNI  5154  3106  INBOUND-NB                     94        19.603      4,677.860    116.900           0.00         760.48
  MNR  3106  5152  OUTBOUND-CREDIT                 2         0.015          0.180      0.010          -0.21           0.00
  MYS  3106  5021  OUTBOUND-CREDIT                79         6.302        265.640      4.800         -49.98           0.00
  NAN  3620  3106  INBOUND-NB                      1         0.155         18.680      0.330           0.00           2.17
  NYX  3106  3144  OUTBOUND-CREDIT               163         3.190         63.100      1.770         -25.94           0.00
  NZL  3106  5301  OUTBOUND-CREDIT                 4         3.011        400.030     10.690         -41.10           0.00
  NZL  5301  3106  INBOUND                      2672       279.296     47,151.780  1,155.600       1,434.90           0.00
  NZL  5301  3106  INBOUND-NB                      3         0.246         53.250      1.220           0.00           1.46
  PRI  3106  3300  OUTBOUND-NB                    69         2.215        239.810      4.640           0.00          32.51
  PRI  3106  3300  OUTBOUND-CREDIT                29         0.202        788.440     21.310        -267.61           0.00
  PRI  3300  3106  INBOUND                        95        74.331     36,857.340    872.270       4,332.27           0.00
  QAT  4271  3106  INBOUND                        41         1.214         65.420      2.420           7.58           0.00
  SEN  6081  3106  INBOUND-TNIC                   53         2.137        441.660     10.880          26.04           0.00
  SGP  3106  5252  OUTBOUND-CREDIT                 2         0.008          5.300      0.090          -0.39           0.00
  TAI  3106  4877  OUTBOUND-CREDIT                18         1.030        881.330     16.140        -405.87           0.00
  TAI  4877  3106  INBOUND                      2540       308.287     46,658.470  1,008.080       7,923.57           0.00
  TAI  4877  3106  INBOUND-NB                      6         0.105         29.940      0.770           0.00           4.80
  TCI  3106  3763  OUTBOUND-CREDIT                 1         0.000          0.000      0.000           0.00           0.00
  TGL  3026  3106  INBOUND                       593        48.349      3,607.380    112.380         182.75           0.00
  TLX  3106  4872  OUTBOUND-CREDIT                37        11.947      1,872.890     32.750        -950.33           0.00
  TLX  3106  4873  OUTBOUND-CREDIT                88        11.729      5,829.950     89.180      -2,729.04           0.00
  TLX  4872  3106  INBOUND                      1975       220.766     19,306.460    437.890       3,558.21           0.00
  TLX  4873  3106  INBOUND                      2175       218.304     48,796.950  1,081.870       7,974.40           0.00
  URG  7482  3106  INBOUND                       660        53.129      6,728.480    160.910         421.63           0.00
  URG  7482  3106  INBOUND-NB                     11         1.088        313.710      5.500           0.00          12.99
  ZAF  3106  6550  OUTBOUND-CREDIT                17         4.196        463.860     15.220        -114.79           0.00
  ZAF  6550  3106  INBOUND                      1681       250.381     20,857.320    553.680       1,583.93           0.00
  AUS  3106  5052  OUTBOUND-CREDIT                 7         0.044         13.570      0.230          -0.84           0.00
  BHR  3106  4263  OUTBOUND-NB                    45         1.593          0.000      5.020           0.00           3.98
  BHR  3106  4263  OUTBOUND-CREDIT                43         4.298        365.260      9.730        -169.20           0.00
  BHR  4263  3106  INBOUND                       189         6.703        744.920     13.370         109.86           0.00
  BMU  3106  3503  OUTBOUND-CREDIT                15         7.168        130.510      5.200         -82.16           0.00
  CHL  3106  7302  OUTBOUND-CREDIT                93         6.447      2,385.480     39.120        -942.90           0.00
  CHL  7302  3106  INBOUND                         9         0.650        143.110      2.850          19.51           0.00
  CHL  7303  3106  INBOUND                       324        49.832      6,911.230    163.920         988.47           0.00
  CHL  7305  3106  INBOUND                        27         2.722        327.180      9.130          47.70           0.00
  CRI  7122  3106  INBOUND                        42         8.920        276.110      5.590          16.33           0.00
  CRI  7129  3106  INBOUND                      2058       142.300     11,485.020    247.280         438.19           0.00
  CRI  7129  3106  INBOUND-NB                      3         0.131         40.640      0.810           0.00           1.06
  DPC  3106  3020  OUTBOUND-CREDIT                33         2.564        178.980      4.980         -11.44           0.00
  HKG  3106  4542  OUTBOUND-CREDIT                17         0.418         25.560      1.050          -9.15           0.00
  HKG  4542  3106  INBOUND                      1956       178.689     34,161.480    662.570       1,727.11           0.00
  HKG  4544  3106  INBOUND                         1         0.008          0.000      0.000           0.01           0.00
  HKG  4545  3106  INBOUND                         1         0.152         33.980      1.000           2.36           0.00
  IDN  5101  3106  INBOUND                        52        11.734        729.230     26.460          76.39           0.00
  IDN  5101  3106  INBOUND-NB                      2         0.201         18.160      0.660           0.00           1.72
  IDN  5101  3106  INBOUND-TNIC                   60         6.088        755.420     21.150          54.47           0.00
  IRL  3106  2724  OUTBOUND-CREDIT                 5         0.684         88.430      1.530          -6.64           0.00
  IRL  3106  2724  OUTBOUND-CREDIT-TNIC            5         0.530         61.420      1.080          -4.83           0.00
  JPN  3106  4401  OUTBOUND-CREDIT               207         9.089      1,205.590     26.290        -156.53           0.00
  JPN  3106  4408  OUTBOUND-CREDIT                75         3.200      2,195.800     37.450        -179.90           0.00
  JPN  4401  3106  INBOUND                       211        16.394      2,267.930     53.750         103.46           0.00
  JPN  4408  3106  INBOUND                      5108       995.788     65,222.070  1,440.400       3,593.12           0.00
  JPN  4408  3106  INBOUND-NB                      2         0.142          7.680      0.220           0.00           0.54
  KOR  3106  4501  OUTBOUND-CREDIT                 5         0.006          0.320      0.000          -0.03           0.00
  KOR  4501  3106  INBOUND                         4         0.410         57.250      1.090           1.50           0.00
  MAN  5156  3106  INBOUND                      1547       134.944     22,767.510    517.860       1,339.29           0.00
  MNR  3106  5152  OUTBOUND-NB                   273         7.110        176.770     27.100           0.00          55.59
  MNR  3106  5152  OUTBOUND-CREDIT               129         1.284         78.640     37.000        -186.67           0.00
  MNR  3106  5152  OUTBOUND-CREDIT-TNIC           11         0.129          2.620      0.240          -1.80           0.00
  MNR  5152  3106  INBOUND                      4205       534.232     25,686.320    613.090       1,864.22           0.00
  MNR  5152  3106  INBOUND-NB                    120         9.810      1,920.740     47.390           0.00          92.95
  MYS  3106  5021  OUTBOUND-CREDIT                82         7.274        368.400      6.610         -62.48           0.00
  NAN  3106  3620  OUTBOUND-NB                    62         0.387          0.000      3.170           0.00           0.96
  NAN  3106  3620  OUTBOUND-CREDIT                12         0.006          0.000      0.210          -0.04           0.00
  NAN  3620  3106  INBOUND                      1082       720.587     16,927.430    423.950       3,705.75           0.00
  NAN  3620  3106  INBOUND-NB                     10         1.211         42.010      1.930           0.00           7.75
  RCA  3106  3113  OUTBOUND-NB                   149        69.306          1.700     14.660           0.00         138.67
  RCA  3106  3113  OUTBOUND-CREDIT               135         1.715          9.650     25.200         -11.33           0.00
  RCA  3106  3113  OUTBOUND-CREDIT-TNIC            6         0.065          1.760      0.130          -0.58           0.00
  RCA  3113  3106  INBOUND                      2795       257.030      9,497.750    305.660         855.84           0.00
  SAU  3106  4201  OUTBOUND-CREDIT               373        42.016      1,966.930     44.470      -1,263.26           0.00
  SAU  3106  4201  OUTBOUND-CREDIT-TNIC            2         0.251         20.300      0.320         -11.40           0.00
  SAU  4201  3106  INBOUND                        35         2.982        476.190      9.720          80.37           0.00
  SAU  4201  3106  INBOUND-NB                      1         0.076         13.590      0.300           0.00           2.26
  SGP  3106  5252  OUTBOUND-CREDIT                 3         0.032         21.050      0.350          -1.44           0.00
  SGP  5252  3106  INBOUND                      4353       765.881     63,497.740  1,508.270       2,842.52           0.00
  SRI  4132  3106  INBOUND-TNIC                  214        22.872      3,529.920     77.750         125.76           0.00
  TAI  3106  4877  OUTBOUND-CREDIT                22         0.442        151.460      4.360         -72.14           0.00
  TAI  4877  3106  INBOUND                       850        60.806     12,809.590    365.560       2,103.83           0.00
  THA  5201  3106  INBOUND                      3540       531.267     78,114.560  1,668.730       7,311.56           0.00
  THA  5201  3106  INBOUND-NB                     38         2.733        312.820      6.170           0.00          30.49
  TLX  3106  4873  OUTBOUND-CREDIT                88        16.499      7,917.780    120.960      -3,711.49           0.00
  TLX  4872  3106  INBOUND                         5         0.176         31.530      0.650           5.25           0.00
  TLX  4873  3106  INBOUND                         1         0.015          2.300      0.070           0.39           0.00
  TNT  3106  3110  OUTBOUND-CREDIT                42         6.341        529.910     22.960         -95.27           0.00
  UAE  4243  3106  INBOUND                         9         1.089         87.000      4.310          10.81           0.00
  WUI  3106  3104  OUTBOUND-NB                     1         0.071          0.100      0.000           0.00           0.14
  ZAF  3106  6550  OUTBOUND-CREDIT-TNIC            1         0.031          6.610      0.120          -0.93           0.00
  ANG  6315  3106  INBOUND                        53         2.739        169.740      5.930          14.09           0.00
  AUS  3106  5052  OUTBOUND-CREDIT                 2         0.009          2.890      0.050          -0.18           0.00
  AUS  3106  5053  OUTBOUND-CREDIT                 1         0.018          0.690      0.010          -0.09           0.00
  AUS  5052  3106  INBOUND                       549        56.121      9,958.530    205.820         261.94           0.00
  AUS  5053  3106  INBOUND                       300        29.932      3,220.550     76.490         106.42           0.00
  AUS  5053  3106  INBOUND-NB                      6         0.112         22.660      0.620           0.00           0.73
  BHR  3106  4263  OUTBOUND-NB                    15         0.163          0.000      2.830           0.00           0.40
  BHR  3106  4263  OUTBOUND-CREDIT                24         2.013        198.730      4.960         -89.62           0.00
  BHR  4263  3106  INBOUND                      3103       369.396     39,144.100  1,068.420       5,816.38           0.00
  BHR  4263  3106  INBOUND-NB                    173        18.434      3,549.330     92.390           0.00         489.74
  BHS  3106  3640  OUTBOUND-CREDIT                11         0.413         77.490      1.270         -25.72           0.00
  BHS  3640  3106  INBOUND                      1308       594.516     12,694.240    313.770       2,458.45           0.00
  BHS  3640  3106  INBOUND-NB                   7067       142.853      1,495.780     33.550           0.00         435.28
  BMU  3106  3503  OUTBOUND-NB                    23         0.123          0.000      2.030           0.00           0.24
  BMU  3106  3503  OUTBOUND-CREDIT                20         0.402        131.070      2.460         -41.73           0.00
  BRB  3423  3106  INBOUND                        25         1.082         85.390     10.790          10.70           0.00
  BUL  2841  3106  INBOUND                        12         1.460        367.670      9.530           9.12           0.00
  BUL  2841  3106  INBOUND-NB                     26         1.255        470.850      8.630           0.00           8.21
  BUL  2841  3106  INBOUND-TNIC                   15         1.817        641.420     10.170           9.95           0.00
  CAM  6242  3106  INBOUND                        25         2.320        553.590      9.010          18.41           0.00
  CAM  6242  3106  INBOUND-TNIC                    1         0.013          1.100      0.090           0.17           0.00
  CAY  3463  3106  INBOUND                        81         7.697        937.410     20.430         109.13           0.00
  CHD  6222  3106  INBOUND                        28         1.346        335.170      5.660          11.39           0.00
  COL  7322  3106  INBOUND                      1310       237.922     32,069.010    623.400         861.32           0.00
  COL  7322  3106  INBOUND-NB                      4         0.114         17.620      0.410           0.00           0.52
  COL  7322  3106  INBOUND-TNIC                  224        42.776     11,247.360    197.300         240.08           0.00
  CPS  3132  3106  INBOUND                        29         1.659        437.060      7.820          19.05           0.00
  CRI  7122  3106  INBOUND                         3         1.164         16.000      0.330           1.68           0.00
  CRI  7129  3106  INBOUND                       153         3.982        191.200      6.070          11.30           0.00
  CSC  3106  3137  OUTBOUND-CREDIT                26         1.951        207.120      4.350         -34.07           0.00
  CZE  2301  3106  INBOUND                       185         7.246      1,029.360     34.310          34.48           0.00
  CZE  2301  3106  INBOUND-NB                      2         0.082         25.430      0.550           0.00           0.52
  CZE  2301  3106  INBOUND-TNIC                   68         3.849      1,216.910     24.220          23.29           0.00
  DPC  3106  3028  OUTBOUND-CREDIT               228         2.913        668.800     11.220         -49.74           0.00
  EGY  6020  3106  INBOUND                      1198       203.675     22,034.500    690.380       2,610.80           0.00
  EGY  6020  3106  INBOUND-TNIC                    9         1.284        113.970      2.120          13.96           0.00
  FTC  3124  3106  INBOUND                        97      1398.100     12,439.830    383.950       3,244.03           0.00
  GTM  7042  3106  INBOUND                        15         0.558         53.540      1.720           6.47           0.00
  GTM  7044  3106  INBOUND                       307         9.841        995.060     24.720         119.19           0.00
  GTM  7044  3106  INBOUND-NB                      5         0.231         10.250      0.250           0.00           1.48
  HUN  2161  3106  INBOUND                         5         0.179         12.850      0.290           0.94           0.00
  HUN  2161  3106  INBOUND-TNIC                  140        10.869      1,885.700     39.080          99.89           0.00
  IDN  5101  3106  INBOUND                        56         6.181        391.640     10.340          33.05           0.00
  IDN  5101  3106  INBOUND-TNIC                  124        14.617      1,624.050     31.870          92.97           0.00
  IRL  3106  2724  OUTBOUND-CREDIT                 7         0.732         80.470      1.410          -6.44           0.00
  IRL  3106  2724  OUTBOUND-CREDIT-TNIC            9         0.925        128.910      2.190          -9.36           0.00
  JAM  3106  3380  OUTBOUND-NB                   190         1.841          0.000      8.890           0.00           3.68
  JAM  3106  3380  OUTBOUND-CREDIT                50         4.121          0.000     60.040         -24.72           0.00
  JAM  3380  3106  INBOUND                      1150       235.854     21,028.810    565.150       2,574.59           0.00
  JAM  3380  3106  INBOUND-NB                   9731       136.789     25,650.320    635.880           0.00       2,838.61
  JPN  3106  4401  OUTBOUND-CREDIT               334        45.456      3,318.430     59.720        -465.42           0.00
  JPN  3106  4408  OUTBOUND-CREDIT               158       171.865     11,946.330    223.860      -1,751.07           0.00
  JPN  4408  3106  INBOUND                         4         0.009          0.210      0.010           0.03           0.00
  KOR  3106  4501  OUTBOUND-CREDIT                15         0.120          5.040      0.080          -1.92           0.00
  MCL  2350  3106  INBOUND                       346        96.589     16,321.530    279.510         312.15           0.00
  MCL  2351  3106  INBOUND                      1324       241.687     29,095.370  1,106.900       3,151.22           0.00
  MEX  3106  3340  OUTBOUND-CREDIT                 6         0.002          0.390      0.000          -0.04           0.00
  MOZ  6435  3106  INBOUND                        27         1.706        158.390      3.510           0.00           0.00
  MYS  3106  5021  OUTBOUND-CREDIT               151        15.149        688.020     12.260        -123.35           0.00
  NAN  3620  3106  INBOUND                      1088       757.772      4,167.680    103.610       1,932.31           0.00
  NZL  3106  5301  OUTBOUND-CREDIT                 2         0.092          1.730      0.060          -0.48           0.00
  NZL  3106  5301  OUTBOUND-CREDIT-TNIC            1         0.006          0.110      0.000          -0.03           0.00
  PAN  3106  7141  OUTBOUND-NB                   139         4.553          0.020      7.010           0.00           8.96
  PAN  3106  7141  OUTBOUND-CREDIT               456        22.440      1,011.990    124.240        -436.19           0.00
  PAN  7141  3106  INBOUND                      5668       963.884     69,400.880  1,506.500       8,838.66           0.00
  PAN  7141  3106  INBOUND-NB                     29        19.074     13,736.150    343.390           0.00       1,411.19
  PAN  7142  3106  INBOUND                       220        49.689      5,222.700    130.450         621.64           0.00
  PHP  5151  3106  INBOUND                       554        31.453      5,743.460    128.250         327.25           0.00
  RCA  3106  3136  OUTBOUND-CREDIT               193        20.971      1,061.390     28.060        -240.44           0.00
  SEN  6081  3106  INBOUND-NB                      1         0.180         29.110      0.650           0.00           1.36
  SEN  6081  3106  INBOUND-TNIC                   66         2.691        460.920     10.990          22.23           0.00
  SGP  3106  5252  OUTBOUND-CREDIT               393        33.355      1,535.110     30.030        -237.70           0.00
  SGP  5252  3106  INBOUND                      4410       557.624     59,257.760  1,286.350       2,304.80           0.00
  SRI  4132  3106  INBOUND                        50         0.286         12.430      0.440           0.91           0.00
  SRI  4132  3106  INBOUND-TNIC                  187        18.796      2,619.540     59.350          97.68           0.00
  TAI  3106  4877  OUTBOUND-CREDIT                25         0.515        247.250      6.110        -115.90           0.00
  TLX  3106  4873  OUTBOUND-CREDIT               186        30.606     15,421.320    235.640      -7,215.05           0.00
  TLX  3106  8010  OUTBOUND                      489        11.707        691.880     15.320          48.30           0.00
  TLX  3106  8020  OUTBOUND                      117         1.734        118.620      2.720           7.73           0.00
  TLX  3106  8030  OUTBOUND                       19         0.326         12.940      0.350           1.11           0.00
  TLX  3106  8231  OUTBOUND                     5457       145.069      6,022.730    231.820         506.69           0.00
  TNT  3106  3110  OUTBOUND-CREDIT                50         6.636        376.790     18.580         -80.50           0.00
  TRT  3106  3119  OUTBOUND                      901        13.203      3,343.810     95.880         146.73           0.00
  TRT  3106  3119  OUTBOUND-NB                    94         6.924          0.000     14.480           0.00          13.84
  TRT  3106  3119  OUTBOUND-CREDIT              1881       152.479     19,793.370  1,259.400      -3,052.42           0.00
  TRT  3106  3119  OUTBOUND-CREDIT-TNIC            1         0.005          0.080      0.000          -0.03           0.00
  TRT  3119  3106  INBOUND                       187        26.407      8,952.030    183.450         375.07           0.00
  TTO  3106  3740  OUTBOUND-NB                    62         0.260          0.000      2.010           0.00           4.54
  TTO  3106  3740  OUTBOUND-CREDIT               120         6.634        496.090     90.680        -583.94           0.00
  TTO  3740  3106  INBOUND                       626       361.219      4,250.560    111.800         946.04           0.00
  TTO  3740  3106  INBOUND-NB                     23         3.798        109.800      2.730           0.00          13.06
  TTO  3745  3106  INBOUND                       461        59.098      4,222.010    208.700         535.59           0.00
  TUN  6050  3106  INBOUND                        26         1.380        157.320      3.070           0.00           0.00
  BMU  3503  3106  INBOUND                       482       104.222      7,490.150    189.540         957.46           0.00
  BMU  3503  3106  INBOUND-NB                     54        49.679      5,518.650    137.940           0.00         651.22
  BRB  3106  3423  OUTBOUND-NB                   300         1.912        496.710     19.990           0.00          53.49
  BRB  3106  3423  OUTBOUND-CREDIT               136        78.198      8,449.730    201.690      -3,004.11           0.00
  BRB  3423  3106  INBOUND                       625      1355.821     10,083.000    248.580       3,719.94           0.00
  BRB  3423  3106  INBOUND-NB                     38         1.808         47.230      1.150           0.00           8.33
  CAY  3106  3463  OUTBOUND-NB                   128         2.054          0.000      8.100           0.00           4.10
  CAY  3106  3463  OUTBOUND-CREDIT                38         0.005          0.000      0.000          -0.03           0.00
  CAY  3463  3106  INBOUND                      1339       149.158     13,073.110    326.310       1,605.62           0.00
  CAY  3463  3106  INBOUND-NB                   1063      1848.413      6,099.540    152.030           0.00       4,306.78
  DUS  3106  3151  OUTBOUND-CREDIT               166       249.309     25,126.060  1,664.960      -3,445.68           0.00
  MCL  2350  3106  INBOUND                         1         0.053         10.610      0.210           0.22           0.00
  MCL  2351  3106  INBOUND                       135        15.825      1,019.010     22.270         117.72           0.00
  MOR  6041  3106  INBOUND                        64         7.982        667.810     18.600          29.90           0.00
  NZL  3106  5301  OUTBOUND-CREDIT-TNIC           12         6.900        977.570     39.950        -140.55           0.00
  PHP  5151  3106  INBOUND                         1         0.049          9.660      0.170           0.46           0.00
  SGP  3106  5252  OUTBOUND-CREDIT               103         5.133        782.140     20.760         -97.12           0.00
  SGP  5252  3106  INBOUND                         2         0.018          1.300      0.020           0.05           0.00
  TCI  3763  3106  INBOUND-NB                    492         2.008         38.300      0.600           0.00           3.11
  TRT  3106  3119  OUTBOUND                      151        36.612      1,655.690     65.940         132.82           0.00
  TRT  3119  3106  INBOUND                        20         0.102          4.670      0.280           0.37           0.00
  BT NORTH AMERICA                                                                                               PAGE    1
  TYMNET                                                                                                         PAGE    1
  AUS  5052  3106  INBOUND                        73         8.148      1,058.260     24.070          32.22           0.00
  AUS  5053  3106  INBOUND                        34         3.061        471.410     11.280          14.35           0.00
  BHR  4263  3106  INBOUND                        75         6.187      1,182.840     31.040         163.32           0.00
  CHL  7302  3106  INBOUND                      1577       279.950     23,189.320    595.860       1,751.63           0.00
  CHL  7305  3106  INBOUND                       344        42.898      6,551.100    142.510         370.83           0.00
  DMR  3701  3106  INBOUND                      1257       139.640     10,021.620    260.260       1,476.48           0.00
  HKG  4542  3106  INBOUND                         8         1.741        432.640      8.560          21.04           0.00
  ISR  4251  3106  INBOUND                      3416       260.114     32,619.640    775.600       2,040.19           0.00
  JPN  4400  3106  INBOUND                       531        71.998     19,866.760  1,665.660       5,284.98           0.00
  JPN  4406  3106  INBOUND                         1         0.018          0.350      0.000           0.03           0.00
  MEX  3106  3340  OUTBOUND-CREDIT                 5         0.002          0.320      0.000          -0.02           0.00
  MEX  3340  3106  INBOUND-NB                      1         0.009          2.000      0.070           0.00           0.08
  MYS  5021  3106  INBOUND                       573       141.852     15,223.360    344.560         729.61           0.00
  MYS  5021  3106  INBOUND-NB                      1         0.024          3.700      0.100           0.00           0.19
  PAN  7142  3106  INBOUND                         1         0.001          0.090      0.000           0.00           0.00
  TNT  3106  3110  OUTBOUND-CREDIT               406        11.969      2,256.430     49.210        -315.48           0.00
  TNT  3110  3106  INBOUND                      2682       297.130     64,138.310  1,197.600       2,903.11           0.00
  TUR  2862  3106  INBOUND                       286        20.265      1,374.720     35.290         111.11           0.00
  VEN  7340  3106  INBOUND                         1         0.048          6.530      0.180           0.23           0.00
  VEN  7341  3106  INBOUND                       243        58.860      8,305.100    214.550         102.51           0.00
  C&W-HONG KONG                                                                                                  PAGE    1
  C&W-HONG KONG                                                                                                  PAGE    1
  AUS  3106  5052  OUTBOUND-CREDIT                 1         0.012          0.750      0.010          -0.09           0.00
  BHR  4263  3106  INBOUND                         3         0.256         77.200      1.420          10.29           0.00
  CHN  3106  4602  OUTBOUND-CREDIT                38         0.716          2.540      0.180           0.00           0.00
  CHN  3106  4602  OUTBOUND-CREDIT-TNIC         2778        98.723      6,845.830    200.910           0.00           0.00
  CYP  2802  3106  INBOUND                       308        25.846      9,606.470    236.480           0.00           0.00
  CYP  3106  2802  OUTBOUND-CREDIT-TNIC            6         7.680        630.260     16.100           0.00           0.00
  CZE  2301  3106  INBOUND                       118         5.062        745.470     24.040          24.15           0.00
  CZE  2301  3106  INBOUND-NB                      3         0.088         30.440      0.640           0.00           0.60
  CZE  2301  3106  INBOUND-TNIC                   84         3.799      1,562.070     27.280          25.79           0.00
  IDN  3106  5101  OUTBOUND-CREDIT                 2         0.103          0.050      0.240          -2.07           0.00
  IDN  3106  5101  OUTBOUND-CREDIT-TNIC         3049       131.596      6,116.640    155.510      -1,722.64           0.00
  IND  3106  4042  OUTBOUND-CREDIT               171         0.255         13.680      0.190          -1.36           0.00
  IND  3106  4042  OUTBOUND-CREDIT-TNIC          212         4.872      1,365.520     23.490         -85.10           0.00
  IRL  3106  2724  OUTBOUND-CREDIT                17         0.038          0.980      0.050          -0.29           0.00
  IRL  3106  2724  OUTBOUND-CREDIT-TNIC          460        98.291      4,045.650     98.650        -590.82           0.00
  ISR  3106  4251  OUTBOUND-CREDIT                88         0.621          5.320      0.100          -4.38           0.00
  ISR  3106  4251  OUTBOUND-CREDIT-TNIC         3214        47.337      5,058.150     93.700        -846.24           0.00
  ISR  4251  3106  INBOUND                       692        27.585      3,850.530     83.560         222.30           0.00
  ISR  4251  3106  INBOUND-TNIC                 6795       447.226     54,817.420  1,542.700       3,979.85           0.00
  JPN  3106  4401  OUTBOUND-CREDIT               132        41.358      1,850.870     33.400        -330.80           0.00
  JPN  3106  4408  OUTBOUND-CREDIT                60        65.128      1,638.580     40.980        -469.53           0.00
  JPN  3106  4408  OUTBOUND-CREDIT-TNIC            7         1.607        121.020      2.050         -16.18           0.00
  JPN  3106  4411  OUTBOUND-CREDIT                 2         0.015          0.060      0.000          -0.07           0.00
  JPN  3106  4411  OUTBOUND-CREDIT-TNIC           33        17.685      2,147.940     44.330        -274.44           0.00
  JPN  4411  3106  INBOUND                        39         5.226      1,101.260     41.260          68.57           0.00
  JPN  4411  3106  INBOUND-TNIC                 1570       158.470     22,909.040    490.590         957.29           0.00
  KEN  6390  3106  INBOUND                       123         6.883      1,658.450     38.040          72.99           0.00
  KEN  6390  3106  INBOUND-TNIC                  536        23.586      5,076.150    104.030         207.36           0.00
  MCL  3106  2350  OUTBOUND-CREDIT                 2         0.034          0.140      0.000          -0.08           0.00
  MCL  3106  2350  OUTBOUND-CREDIT-TNIC          455         4.126      3,056.570     49.780        -134.20           0.00
  MCL  3106  2351  OUTBOUND-CREDIT-TNIC          168       109.964      6,419.050    189.700      -2,255.60           0.00
  MCL  3106  2352  OUTBOUND-CREDIT                 2         0.044          0.110      0.000          -0.16           0.00
  MCL  3106  2352  OUTBOUND-CREDIT-TNIC           47         1.345        174.030      8.310         -56.24           0.00
  MEX  3106  3340  OUTBOUND-CREDIT-TNIC            2         0.023          1.210      0.060          -0.27           0.00
  MYS  3106  5021  OUTBOUND-CREDIT                 6         0.156         16.200      0.320          -2.14           0.00
  PHP  3106  5151  OUTBOUND-CREDIT                45         0.806          3.240      0.050          -5.76           0.00
  PHP  3106  5151  OUTBOUND-CREDIT-TNIC          634        45.188      6,856.840    115.810        -999.87           0.00
  SAU  4201  3106  INBOUND                       276        24.100      3,083.710     68.520         534.85           0.00
  SAU  4201  3106  INBOUND-NB                     10         0.293         60.010      1.410           0.00           9.88
  SAU  4201  3106  INBOUND-TNIC                 2122       169.348     41,685.380    763.290       6,760.79           0.00
  SGP  3106  5252  OUTBOUND-CREDIT               210         0.357         22.580      0.400          -2.85           0.00
  SGP  3106  5252  OUTBOUND-CREDIT-TNIC         6488       436.312     16,912.420    377.030      -3,049.79           0.00
  TAI  3106  4877  OUTBOUND-CREDIT                 2         0.066         14.890      0.360          -7.30           0.00
  TLX  3106  4873  OUTBOUND-CREDIT                21         0.927        442.150      7.390         -28.06           0.00
  TUR  2863  3106  INBOUND                         2         0.697        120.510      2.520           2.67           0.00
  TUR  2863  3106  INBOUND-TNIC                   12         1.433        335.510      5.790           5.99           0.00
  UAE  3106  4243  OUTBOUND-CREDIT-TNIC          621        12.388      1,412.770     31.590        -710.07           0.00
  UAE  4243  3106  INBOUND                      2045       219.005     38,994.320    875.500       6,287.10           0.00
  UAE  4243  3106  INBOUND-NB                      1         0.037          2.500      0.080           0.00           0.45
  UAE  4243  3106  INBOUND-TNIC                 1825       511.412     35,635.090  1,218.930       6,368.04           0.00
  ZAF  3106  6550  OUTBOUND-CREDIT-TNIC          336        63.902     20,512.630    330.810      -2,332.76           0.00
  ZAF  6550  3106  INBOUND                       889        99.017     14,116.610    349.610         883.75           0.00
  ZAF  6550  3106  INBOUND-NB                      2         0.310        195.550      3.000           0.00           6.53
  ZAF  6550  3106  INBOUND-TNIC                 1175       150.406     18,048.500    466.640       1,215.54           0.00
  ZIM  6482  3106  INBOUND-TNIC                   59         7.098        426.060     12.080           0.00           0.00
  DATA MANAGEMENT CO                                                                                             PAGE    1
  JAMAICA                                                                                                        PAGE    1
  TRINIDAD                                                                                                       PAGE    1
  PANAMA                                                                                                         PAGE    1
  BARBADOS                                                                                                       PAGE    1
  CAYMAN ISLANDS                                                                                                 PAGE    1
  PHILIPPINES GLOBAL COMM. INC.                                                                                  PAGE    1
  PHILIPPINES                                                                                                    PAGE    1
  COSTA RICA                                                                                                     PAGE    1
  COSTA RICA                                                                                                     PAGE    1
    q U=