  ARG  3106  7222  OUTBOUND-CREDIT                13         0.616        132.240      2.070         -16.16           0.00
  ARG  7222  3106  INBOUND                       315         9.270      1,761.680     53.610         125.76           0.00
  AUS  3106  5052  OUTBOUND-CREDIT                10         0.175          3.020      0.200          -1.14           0.00
  AUS  3106  5052  OUTBOUND-CREDIT-TNIC            1         0.121         14.800      0.250          -1.11           0.00
  AUS  3106  5053  OUTBOUND                       21         1.752        198.350      4.030           5.78           0.00
  AUS  3106  5053  OUTBOUND-CREDIT                 8         0.141         19.810      0.410          -1.65           0.00
  AUS  5052  3106  INBOUND                      1693       192.489     23,453.310    541.400         733.89           0.00
  AUS  5053  3106  INBOUND                      1010       192.513     16,213.670    332.390         524.90           0.00
  AUS  5053  3106  INBOUND-NB                      1         0.125         11.560      0.250           0.00           0.37
  BHR  3106  4263  OUTBOUND-NB                     5         0.000          0.000      0.000           0.00           0.00
  BHR  3106  4263  OUTBOUND-CREDIT               232        16.259      1,444.540     30.280        -663.64           0.00
  BHR  4263  3106  INBOUND                       462        39.787      4,430.990    114.720         653.32           0.00
  BHR  4263  3106  INBOUND-NB                     51         2.713        266.310      9.370           0.00          40.07
  BMU  3106  3503  OUTBOUND-NB                     6         0.001          0.030      0.000           0.00           0.00
  BMU  3106  3503  OUTBOUND-CREDIT                23         1.050         92.960      2.420         -34.19           0.00
  BMU  3503  3106  INBOUND                       460        55.507      5,730.790    141.850         684.09           0.00
  BMU  3503  3106  INBOUND-NB                     25        64.748      1,064.030     26.660           0.00         235.90
  BRA  3106  7241  OUTBOUND                       45         2.524        161.980      5.410          26.55           0.00
  BRA  7249  3106  INBOUND                         2         0.297          9.370      0.540           1.91           0.00
  CHL  3106  7303  OUTBOUND-CREDIT                25         1.625        298.600      4.630         -37.55           0.00
  CHL  3106  7305  OUTBOUND                       84        18.018        972.650     29.070          94.18           0.00
  CHL  7303  3106  INBOUND                      1075       136.247     16,152.590    396.010       1,064.52           0.00
  CHL  7303  3106  INBOUND-TNIC                   19         5.563        342.280      9.180          29.48           0.00
  CHN  4602  3106  INBOUND                         2         0.083         13.400      0.300           2.26           0.00
  CHN  4602  3106  INBOUND-TNIC                    2         0.018          1.390      0.060           0.26           0.00
  COL  3106  7322  OUTBOUND-CREDIT                 2         0.016          0.950      0.020          -0.12           0.00
  COL  7322  3106  INBOUND                       869      3179.284     20,445.070    419.070       3,598.35           0.00
  COL  7322  3106  INBOUND-NB                      9         0.696        111.340      2.180           0.00           2.87
  COL  7322  3106  INBOUND-TNIC                   92         4.805        721.200     15.520          20.33           0.00
  CRI  3106  7122  OUTBOUND-CREDIT                 1         0.012          0.160      0.000          -0.06           0.00
  CRI  7122  3106  INBOUND                        59         7.434      1,042.260     33.750          46.33           0.00
  CRI  7129  3106  INBOUND                       519        37.408      3,882.090     98.250         152.59           0.00
  CRI  7129  3106  INBOUND-NB                      4         0.089          8.790      0.300           0.00           0.44
  DPC  3106  3020  OUTBOUND-CREDIT               501       146.709      7,804.070    162.420        -994.18           0.00
  DPC  3106  3025  OUTBOUND                        1         0.000          0.000      0.000           0.00           0.00
  DPC  3106  3025  OUTBOUND-CREDIT                 5         0.058          0.760      0.010          -0.21           0.00
  DPC  3106  3028  OUTBOUND-CREDIT                82         2.696        117.640      2.130         -15.06           0.00
  HKG  3106  4542  OUTBOUND                        1         0.002          0.280      0.000           0.01           0.00
  HKG  3106  4542  OUTBOUND-CREDIT                 5         0.357        137.940      2.090         -12.89           0.00
  HUN  2161  3106  INBOUND-TNIC                    9         1.030         83.700      1.720           5.51           0.00
  HUN  3106  2161  OUTBOUND-CREDIT-TNIC           14         0.216          2.100      0.040          -1.56           0.00
  IND  3106  4042  OUTBOUND-NB                    21         0.947          2.420      0.090           0.00           1.04
  IND  3106  4042  OUTBOUND-CREDIT                68         1.213         43.830      1.250          -7.41           0.00
  IND  4042  3106  INBOUND                      2247       198.277     32,010.550    901.700       1,099.98           0.00
  IND  4042  3106  INBOUND-NB                     19         1.097        264.560      4.810           0.00           5.91
  IRL  2724  3106  INBOUND                      1862       168.449     32,258.980    644.160         812.61           0.00
  IRL  2724  3106  INBOUND-NB                      2         0.072          4.770      0.170           0.00           0.24
  IRL  3106  2724  OUTBOUND                      172         0.782         68.450      4.840           5.62           0.00
  IRL  3106  2724  OUTBOUND-CREDIT               170        24.459      8,628.770    138.000        -487.38           0.00
  IRL  3106  2724  OUTBOUND-TNIC                   1         0.115         19.640      0.320           0.44           0.00
  IRL  3106  2724  OUTBOUND-CREDIT-TNIC            1         0.115         19.630      0.320          -1.33           0.00
  ISR  3106  4251  OUTBOUND-NB                     3         0.177         18.170      0.440           0.00           1.01
  ISR  3106  4251  OUTBOUND-CREDIT                 8         0.364         49.040      0.900          -6.18           0.00
  ISR  4251  3106  INBOUND                         1         0.082         25.530      0.680           1.24           0.00
  JPN  3106  4401  OUTBOUND                      130        11.533      1,059.760     22.910          50.79           0.00
  JPN  3106  4401  OUTBOUND-CREDIT               240        24.071      4,075.360     85.400        -484.41           0.00
  JPN  3106  4408  OUTBOUND                      115         7.299      2,700.020     50.980          85.96           0.00
  JPN  3106  4408  OUTBOUND-CREDIT               925        30.748      4,011.580     69.050        -441.57           0.00
  JPN  4410  3106  INBOUND                       200        48.906      6,640.570    121.240         250.96           0.00
  KOR  3106  4500  OUTBOUND-NB                     2         0.116          0.570      0.030           0.00           0.14
  KOR  3106  4501  OUTBOUND                      384         9.832      2,822.830     85.040          94.88           0.00
  KOR  3106  4501  OUTBOUND-CREDIT               313         7.963      2,178.890     61.580        -208.65           0.00
  KOR  3106  4501  OUTBOUND-TNIC                   4         0.002          0.290      0.000           0.00           0.00
  MAN  3106  5156  OUTBOUND-NB                    11         0.002          0.000      0.000           0.00           0.00
  MAN  3106  5156  OUTBOUND-CREDIT                10         0.000          0.000      0.000           0.00           0.00
  MAN  5156  3106  INBOUND                       802        72.323     10,776.150    226.490         615.69           0.00
  MAN  5156  3106  INBOUND-NB                    108         5.861        545.280     13.590           0.00          40.36
  MCL  3106  2350  OUTBOUND-CREDIT                 9         0.084          0.400      0.010          -0.23           0.00
  MCL  3106  2350  OUTBOUND-CREDIT-TNIC           11         0.298          2.590      0.190          -1.23           0.00
  MCL  3106  2351  OUTBOUND-TNIC                   1         0.060          7.510      0.190           0.81           0.00
  MNR  3106  5152  OUTBOUND                      153         5.330        577.240     43.960          80.10           0.00
  MNR  5152  3106  INBOUND                       676        37.276      3,534.780     71.570         176.85           0.00
  MYS  3106  5021  OUTBOUND                        1         0.001          0.060      0.000           0.00           0.00
  MYS  3106  5021  OUTBOUND-CREDIT                40         0.222         22.880      0.660          -4.00           0.00
  MYS  5021  3106  INBOUND                       881       495.864     40,032.630    761.830       1,886.52           0.00
  MYS  5021  3106  INBOUND-NB                      1         0.133          6.770      0.160           0.00           0.44
  NZL  3106  5301  OUTBOUND                        3         0.020          3.580      0.080           0.10           0.00
  NZL  5301  3106  INBOUND                        37         4.807        811.880     21.250          26.05           0.00
  NZL  5301  3106  INBOUND-TNIC                   55         5.788      1,149.150     22.930          28.72           0.00
  PER  3106  7160  OUTBOUND-CREDIT                98       553.076     30,917.620    755.250     -15,742.17           0.00
  PER  7160  3106  INBOUND                      1330       211.531     28,210.150    676.020       4,055.04           0.00
  SEN  6081  3106  INBOUND-TNIC                   17         0.577         78.450      2.180           4.49           0.00
  SGP  3106  5252  OUTBOUND                        1         0.000          0.080      0.000           0.00           0.00
  SGP  3106  5252  OUTBOUND-CREDIT                 4         0.054         28.820      0.480          -2.01           0.00
  TAI  3106  4877  OUTBOUND                     1147         2.111        778.090     16.330          36.28           0.00
  TAI  3106  4877  OUTBOUND-NB                     2         0.092          0.440      0.010           0.00           0.20
  TAI  3106  4877  OUTBOUND-CREDIT                46         1.193        369.490      8.820         -59.19           0.00
  TAI  4877  3106  INBOUND                       360        18.557      5,484.390    119.950         272.85           0.00
  TCI  3106  3763  OUTBOUND-CREDIT                 2         0.000          0.000      0.000           0.00           0.00
  TCI  3763  3106  INBOUND-NB                    337         1.509         26.200      0.420           0.00           5.63
  THA  3106  5201  OUTBOUND-CREDIT                 1         0.021          0.240      0.010          -0.19           0.00
  THA  5200  3106  INBOUND                         2         0.032          0.870      0.020           0.13           0.00
  THA  5200  3106  INBOUND-NB                      3        14.893          5.460      0.130           0.00          30.22
  TLX  3106  4873  OUTBOUND-CREDIT                10         0.739         28.840      0.660          -8.32           0.00
  TLX  4872  3106  INBOUND                         1         0.000          0.000      0.000           0.00           0.00
  TNT  3106  3110  OUTBOUND                       18         5.670      1,371.200     46.380          60.70           0.00
  TNT  3106  3110  OUTBOUND-CREDIT                 3         1.605      1,070.100     19.020        -125.20           0.00
  TNT  3106  3110  OUTBOUND-TNIC                   5         0.141          1.020      0.150           0.32           0.00
  TNT  3106  3110  OUTBOUND-CREDIT-TNIC            2         2.173        127.310      4.420         -26.79           0.00
  TNT  3110  3106  INBOUND                         1         0.002          0.000      0.000           0.00           0.00
  TUN  6050  3106  INBOUND-TNIC                    2         0.178          8.870      0.190           0.00           0.00
  TUR  2863  3106  INBOUND                       958       145.752     15,713.120    322.440         388.55           0.00
  TUR  2863  3106  INBOUND-NB                      8         0.501        129.700      2.210           0.00           2.25
  TUR  3106  2863  OUTBOUND-CREDIT               154         4.270      2,507.280     38.600        -106.74           0.00
  TYM  3106  0009  OUTBOUND-CREDIT                17         0.243          1.430      0.020           0.00           0.00
  URG  7482  3106  INBOUND                       174        10.990      2,035.540     46.910         107.11           0.00
  URG  7482  3106  INBOUND-NB                      1         0.069          6.940      0.230           0.00           0.55
  WUI  3104  3106  INBOUND                      3950       684.759     26,467.610    561.790       2,322.17           0.00
  WUI  3104  3106  INBOUND-NB                    460        23.888      2,811.360     70.050           0.00         148.96
  WUI  3106  3104  OUTBOUND                      835       125.747     14,164.800    321.240         761.38           0.00
  WUI  3106  3104  OUTBOUND-NB                   135       676.297         77.480      2.310           0.00       1,355.38
  WUI  3106  3104  OUTBOUND-CREDIT              7049       112.518     36,498.990    626.720      -4,616.49           0.00
  WUI  3106  3104  OUTBOUND-CREDIT-TNIC            1         0.034          0.990      0.070          -0.31           0.00
  ZAF  3106  6550  OUTBOUND-CREDIT-TNIC            1         0.055          8.070      0.190          -1.46           0.00
  ARG  3106  7222  OUTBOUND-NB                     3         0.000          0.000      0.000           0.00           0.00
  ARG  3106  7222  OUTBOUND-CREDIT                13         0.001          0.000      0.000          -0.01           0.00
  ARG  7220  3106  INBOUND                       758       215.123     14,531.530    379.210       2,354.22           0.00
  ARG  7220  3106  INBOUND-NB                      2         0.216         22.240      0.430           0.00           3.32
  ARG  7222  3106  INBOUND                        21         2.772        442.710      8.940          62.27           0.00
  ARG  7222  3106  INBOUND-NB                      4         0.114          2.100      0.050           0.00           0.54
  ATG  3106  3443  OUTBOUND-NB                     2         0.000          0.000      0.000           0.00           0.00
  ATG  3106  3443  OUTBOUND-CREDIT                15         0.002          0.000      0.000          -0.01           0.00
  ATG  3443  3106  INBOUND                       483        92.768      7,438.910    190.050         780.63           0.00
  ATG  3443  3106  INBOUND-NB                    411       675.002      2,482.520     61.860           0.00       1,548.59
  AUS  3106  5052  OUTBOUND-CREDIT                 1         0.098         12.960      0.220          -0.96           0.00
  AUS  3106  5052  OUTBOUND-TNIC                   1         0.011          0.950      0.030           0.05           0.00
  AUS  3106  5052  OUTBOUND-CREDIT-TNIC          144         2.980        528.630      9.840         -38.46           0.00
  AUS  5052  3106  INBOUND                       199        20.632      2,141.140     51.540          72.17           0.00
  AUS  5053  3106  INBOUND                       115        24.530      1,744.290     35.390          59.92           0.00
  BHR  3106  4263  OUTBOUND-NB                     4         0.000          0.000      0.000           0.00           0.00
  BHR  3106  4263  OUTBOUND-CREDIT                30         3.644        297.380      7.420        -138.85           0.00
  BHR  4263  3106  INBOUND                      1582       157.086     17,843.360    466.420       2,623.07           0.00
  BHR  4263  3106  INBOUND-NB                    163        24.095      2,949.720     78.360           0.00         428.94
  BMU  3106  3503  OUTBOUND-CREDIT                16         0.041         39.290      0.650         -12.03           0.00
  BMU  3503  3106  INBOUND                       413        36.537      5,681.530    146.840         641.22           0.00
  BMU  3503  3106  INBOUND-NB                     22        34.484      6,922.930    144.000           0.00         761.26
  BRA  3106  7241  OUTBOUND-CREDIT                35         0.675         54.930      1.590         -25.66           0.00
  BRA  7240  3106  INBOUND                       755        84.633      9,729.610    250.820       1,427.75           0.00
  BRA  7241  3106  INBOUND                      1341       195.693     15,253.520    316.810       2,395.87           0.00
  BRA  7241  3106  INBOUND-TNIC                    3         0.835        159.990      3.360          22.08           0.00
  BRA  7249  3106  INBOUND                      3260       463.500     50,938.700  1,278.910       7,525.96           0.00
  BRA  7249  3106  INBOUND-TNIC                    1         0.600         93.600      2.790          13.20           0.00
  BVI  3483  3106  INBOUND                         1         0.145          5.120      0.120           0.93           0.00
  BVI  3483  3106  INBOUND-NB                    247         1.269         39.230      0.890           0.00           7.57
  CHN  4602  3106  INBOUND                      1744       199.857     17,963.310    666.720       3,294.02           0.00
  COL  3106  7322  OUTBOUND-CREDIT                10         1.133        200.190      7.410         -50.50           0.00
  COL  7322  3106  INBOUND                       784      3729.192     14,894.570    303.460       7,944.29           0.00
  COL  7322  3106  INBOUND-NB                     15         1.505        177.570      3.450           0.00           9.76
  COL  7322  3106 UND-TNIC                  123        14.936      2,470.390     46.480         120.98           0.00
  CPS  3106  3132  OUTBOUND                        7         0.310         38.700      1.200           2.01           0.00
  CPS  3106  3132  OUTBOUND-CREDIT                 1         0.025          3.150      0.090          -0.49           0.00
  DAM  4150  3106  INBOUND-TNIC                   11         0.057          3.250      0.130           0.38           0.00
  DOM  3101  3106  INBOUND                       802        23.902      1,227.080     30.760          91.94           0.00
  DOM  3101  3106  INBOUND-NB                      1         1.010        153.030      2.540           0.00           7.53
  DOM  3106  3101  OUTBOUND                       57         1.165         48.710      1.590           4.08           0.00
  DPC  3028  3106  INBOUND                       649        55.956     10,988.390    258.550         166.43           0.00
  DPC  3106  3020  OUTBOUND                       55         3.702        222.160     13.950           5.07           0.00
  DPC  3106  3020  OUTBOUND-CREDIT                33         8.628        372.810      8.990         -30.41           0.00
  DPC  3106  3028  OUTBOUND-CREDIT                 1         0.003          0.500      0.010          -0.02           0.00
  EGY  6020  3106  INBOUND                         1         0.075         15.120      0.430           1.66           0.00
  EGY  6020  3106  INBOUND-TNIC                   10         0.955        129.510      3.360          14.86           0.00
  HKG  3106  4542  OUTBOUND-CREDIT                 1         0.001          0.270      0.000          -0.05           0.00
  HKG  4542  3106  INBOUND                      2105       160.362     32,855.760    659.030       1,678.80           0.00
  HKG  4542  3106  INBOUND-NB                      1         0.048         33.150      0.530           0.00           1.18
  IDN  3106  5101  OUTBOUND-CREDIT                24         1.122         90.260      2.120         -19.49           0.00
  IDN  5101  3106  INBOUND                      3224       441.695     33,607.310    967.460       2,818.31           0.00
  IDN  5101  3106  INBOUND-NB                     63         5.309        572.760     19.090           0.00          48.80
  IDN  5101  3106  INBOUND-TNIC                   89         8.862        849.150     23.350          64.43           0.00
  IND  4042  3106  INBOUND                         7         0.690         97.980      2.630           3.32           0.00
  IND  4042  3106  INBOUND-TNIC                   22         2.158        305.630      7.950          10.11           0.00
  ISR  3106  4251  OUTBOUND                       10         1.079        109.840      2.190           6.54           0.00
  ITT  3103  3106  INBOUND                       185       134.845        215.600      5.370         277.44           0.00
  ITT  3103  3106  INBOUND-NB                      1         0.052          1.710      0.040           0.00           0.16
  ITT  3106  3103  OUTBOUND                      155         2.233        283.750      6.130          14.67           0.00
  ITT  3106  3103  OUTBOUND-NB                     4         0.051          0.400      0.020           0.00           0.11
  ITT  3106  3103  OUTBOUND-CREDIT                14         0.153          2.790      0.200          -1.22           0.00
  ITT  3106  3103  OUTBOUND-TNIC                   3         0.010          0.260      0.000           0.02           0.00
  ITT  3106  3107  OUTBOUND-NB                    22         4.460          0.000      0.520           0.00           8.92
  ITT  3106  3107  OUTBOUND-CREDIT                39         0.006          0.000      0.000          -0.03           0.00
  ITT  3107  3106  INBOUND                         7         1.560         25.380      0.630           4.03           0.00
  JAM  3380  3106  INBOUND                      5691       442.508     30,681.610    672.090       1,253.67           0.00
  JPN  3106  4401  OUTBOUND                        1         0.466         55.490      1.950           3.57           0.00
  JPN  3106  4401  OUTBOUND-CREDIT               213        14.560      1,745.100     31.860        -205.43           0.00
  JPN  3106  4406  OUTBOUND                        3         0.047          0.640      0.090           0.21           0.00
  JPN  3106  4408  OUTBOUND                        1         0.026          2.710      0.050           0.11           0.00
  JPN  3106  4408  OUTBOUND-CREDIT                83         6.110      1,445.630     24.090        -133.65           0.00
  JPN  4401  3106  INBOUND                       308       111.486      2,842.660    119.480         340.67           0.00
  JPN  4408  3106  INBOUND                      4222       313.378     31,771.610    655.460       1,428.82           0.00
  JPN  4408  3106  INBOUND-NB                      1         0.283         62.140      1.080           0.00           2.01
  KOR  3106  4501  OUTBOUND-CREDIT               203         5.499      2,641.230     67.640        -666.87           0.00
  KOR  4501  3106  INBOUND                       187        31.450      4,336.000     97.550         409.77           0.00
  MNI  3106  5154  OUTBOUND-NB                    28         1.723          0.290      4.650           0.00           5.21
  MNI  3106  5154  OUTBOUND-CREDIT                93         6.372         25.430      1.780         -68.79           0.00
  MNI  5154  3106  INBOUND                      2080       167.423     35,078.820    853.760       5,764.04           0.00
  MNI  5154  3106  INBOUND-NB                    371        44.106      6,224.200    155.440           0.00       1,065.93
  MYS  3106  5021  OUTBOUND-CREDIT                48         0.351         42.890      1.120          -6.62           0.00
  NAN  3620  3106  INBOUND                         2         0.353         23.170      0.620           3.02           0.00
  NAN  3620  3106  INBOUND-NB                      3         0.153         18.800      0.430           0.00           2.18
  NYX  3106  3144  OUTBOUND                        3         2.249         69.580      1.450           7.00           0.00
  NZL  3106  5301  OUTBOUND-CREDIT                10         2.549        291.000      8.610         -33.48           0.00
  NZL  5301  3106  INBOUND                      3080       277.543     42,838.150    978.550       1,256.09           0.00
  NZL  5301  3106  INBOUND-NB                     10         0.566        153.410      3.190           0.00           3.76
  PHP  5151  3106  INBOUND-TNIC                    1         0.001          0.050      0.000           0.01           0.00
  PRI  3106  3300  OUTBOUND-NB                    18         0.147          0.000      0.050           0.00           0.36
  PRI  3106  3300  OUTBOUND-CREDIT                21         0.004          0.000      0.000          -0.03           0.00
  PRI  3300  3106  INBOUND                       138         4.321        439.520     22.670          60.24           0.00
  QAT  4271  3106  INBOUND                       107        15.756      1,027.340     29.140          93.73           0.00
  SEN  6081  3106  INBOUND-TNIC                   38         2.752        628.320     13.960          33.42           0.00
  SGP  3106  5252  OUTBOUND-CREDIT                 2         0.033         22.440      0.360          -1.50           0.00
  SGP  5252  3106  INBOUND                      3534       518.830     57,886.670  1,368.290       2,358.76           0.00
  SGP  5252  3106  INBOUND-NB                      2         0.030          3.950      0.140           0.00           0.21
  TAI  3106  4877  OUTBOUND-CREDIT                26         0.735        269.380      5.950        -127.84           0.00
  TAI  4877  3106  INBOUND                      3137       352.027     61,717.700  1,254.950      10,313.65           0.00
  TAI  4877  3106  INBOUND-NB                     12         1.681        806.230     13.580           0.00         125.97
  TCI  3106  3763  OUTBOUND-CREDIT                 2         0.000          0.000      0.000           0.00           0.00
  TCI  3763  3106  INBOUND-NB                    331         1.456         25.900      0.400           0.00           2.18
  TLX  3106  4872  OUTBOUND-CREDIT               119        24.973      5,822.410     97.410      -2,844.84           0.00
  TLX  3106  4873  OUTBOUND-CREDIT                24         2.174        350.950      6.240        -177.50           0.00
  TLX  4872  3106  INBOUND                      1755       243.891     32,819.310    687.240       5,654.52           0.00
  TLX  4873  3106  INBOUND                      2426       250.078     36,258.240    850.150       6,188.90           0.00
  TNT  3106  3110  OUTBOUND                      407       167.722     18,385.370    812.760         997.29           0.00
  TNT  3106  3110  OUTBOUND-CREDIT               175        28.740      2,566.280     99.060        -449.58           0.00
  TUN  6050  3106  INBOUND-TNIC                    5         0.223         16.160      0.370           0.00           0.00
  TYM  3106  0009  OUTBOUND-CREDIT                 6         0.066          1.040      0.020          -0.26           0.00
  URG  7482  3106  INBOUND                       657        71.231     12,206.740    287.890         707.43           0.00
  URG  7482  3106  INBOUND-NB                     22         2.270        328.980      6.950           0.00          18.16
  WUI  3104  3106  INBOUND                         1         0.469          2.030      0.040           1.01           0.00
  ZAF  3106  6550  OUTBOUND                        3         0.087          2.130      0.270           0.70           0.00
  ZAF  3106  6550  OUTBOUND-CREDIT                 9         0.244         31.410      0.670          -5.41           0.00
  ZAF  6550  3106  INBOUND                      2011       312.102     27,589.880    678.130       1,950.67           0.00
  ZAF  6550  3106  INBOUND-NB                      4         0.590         86.440      1.680           0.00           4.48
  AUS  3106  5052  OUTBOUND-CREDIT                31         0.538         85.740      1.650          -6.59           0.00
  AUS  3106  5052  OUTBOUND-CREDIT-TNIC            1         0.004          1.140      0.020          -0.07           0.00
  AUS  3106  5053  OUTBOUND-CREDIT                 3         0.185        194.730      3.220         -10.24           0.00
  AUS  5052  3106  INBOUND                       380        38.281      6,323.240    139.820         178.10           0.00
  AUS  5053  3106  INBOUND                       203        33.333      4,204.820     84.150         117.49           0.00
  BHR  3106  4263  OUTBOUND-CREDIT               237         9.030      1,702.900     33.830        -706.30           0.00
  BHR  4263  3106  INBOUND                       897        53.894      5,797.760    139.210         859.42           0.00
  BHR  4263  3106  INBOUND-NB                     42         4.746        279.810      9.510           0.00          46.84
  BMU  3106  3503  OUTBOUND-NB                     1         0.000          0.000      0.000           0.00           0.00
  BMU  3106  3503  OUTBOUND-CREDIT                23         4.018         78.760      1.660         -47.74           0.00
  BMU  3503  3106  INBOUND                       408        40.717      4,422.280    113.510         523.66           0.00
  BMU  3503  3106  INBOUND-NB                     16         5.826        519.980     13.380           0.00          63.65
  CHL  3106  7303  OUTBOUND-NB                     2         0.009          0.120      0.000           0.00           0.03
  CHL  3106  7305  OUTBOUND-CREDIT               136         2.281        382.560      8.730        -160.56           0.00
  CHL  7305  3106  INBOUND                         3         0.502         19.900      0.400           3.74           0.00
  DPC  3106  3020  OUTBOUND-CREDIT                83        17.463      1,004.480     22.360         -70.37           0.00
  DPC  3106  3028  OUTBOUND-CREDIT                74         2.688        132.160      2.720         -10.03           0.00
  HKG  3106  4542  OUTBOUND                        1         0.009          0.120      0.000           0.02           0.00
  HKG  3106  4542  OUTBOUND-CREDIT                18         0.201         32.650      0.690          -5.50           0.00
  HKG  4542  3106  INBOUND                      4026       381.810     67,224.360  1,436.310       3,731.54           0.00
  HKG  4542  3106  INBOUND-NB                      1         0.105         62.620      0.850           0.00           1.94
  HKG  4544  3106  INBOUND                         1         0.014          0.000      0.000           0.03           0.00
  HKG  4545  3106  INBOUND                        27        10.277        889.250     18.310          59.75           0.00
  ISR  4251  3106  INBOUND-TNIC                    1         0.015          0.510      0.010           0.06           0.00
  ITT  3106  3103  OUTBOUND                       55         0.901         69.830      2.140           4.31           0.00
  ITT  3106  3103  OUTBOUND-TNIC                   1         0.007          0.100      0.000           0.01           0.00
  JPN  3106  4401  OUTBOUND-CREDIT               254        25.367      2,521.430     50.330        -334.96           0.00
  JPN  3106  4408  OUTBOUND-CREDIT               866        24.224      2,959.390     56.530        -357.28           0.00
  JPN  4401  3106  INBOUND                       489        99.509      6,316.470    244.680         507.65           0.00
  JPN  4408  3106  INBOUND                      8590       718.297     70,946.130  1,541.460       3,332.73           0.00
  JPN  4408  3106  INBOUND-NB                      6         0.284         66.500      1.350           0.00           2.41
  KOR  3106  4501  OUTBOUND-CREDIT              4373       282.134      6,289.500    272.850      -1,664.97           0.00
  KOR  4501  3106  INBOUND                     11125      1607.585    203,752.360  4,612.010       6,219.59           0.00
  KOR  4501  3106  INBOUND-NB                      2         0.047          8.910      0.220           0.00           0.27
  MNR  3106  5152  OUTBOUND-NB                    29         0.373          0.000      2.090           0.00           4.00
  MNR  3106  5152  OUTBOUND-CREDIT               289        53.755      4,010.840    137.440        -932.06           0.00
  MNR  5152  3106  INBOUND                      1650       119.330     15,324.720    327.760         726.45           0.00
  MNR  5152  3106  INBOUND-NB                    119        11.005        383.870      9.040           0.00          32.58
  MYS  3106  5021  OUTBOUND-CREDIT                39         0.369         46.600      1.100          -6.63           0.00
  NAN  3106  3620  OUTBOUND                       11         0.041          1.070      0.010           0.22           0.00
  NAN  3106  3620  OUTBOUND-NB                    17         0.201          0.000      0.430           0.00           0.50
  NAN  3106  3620  OUTBOUND-CREDIT                21         0.003          0.000      0.040          -0.02           0.00
  NAN  3620  3106  INBOUND                       277       533.165      4,529.830    117.230       1,842.50           0.00
  NAN  3620  3106  INBOUND-NB                     42        26.353      2,440.070     27.420           0.00         340.39
  NZL  3106  5301  OUTBOUND-CREDIT-TNIC            4         0.657         84.970      3.080         -11.22           0.00
  NZL  5301  3106  INBOUND                         6         0.595         79.360      2.670           3.26           0.00
  NZL  5301  3106  INBOUND-TNIC                   12         0.700        149.220      3.220           3.92           0.00
  RCA  3106  3113  OUTBOUND-NB                    76         1.017          2.900      0.230           0.00           2.13
  RCA  3106  3113  OUTBOUND-CREDIT                82         0.071          0.330      0.010          -0.46           0.00
  RCA  3106  3136  OUTBOUND                        1         0.006          0.180      0.010           0.02           0.00
  RCA  3106  3136  OUTBOUND-CREDIT                 2         0.007          1.700      0.050          -0.22           0.00
  RCA  3113  3106  INBOUND                      3003       155.912     19,267.750    480.490       1,005.31           0.00
  RCA  3113  3106  INBOUND-NB                      2         0.038          2.850      0.070           0.00           0.18
  SAU  3106  4201  OUTBOUND-CREDIT                57         6.047        501.990     20.950        -280.32           0.00
  SAU  4201  3106  INBOUND                      1867       134.772     32,748.050    590.140       5,316.47           0.00
  SGP  3106  5252  OUTBOUND                        1         0.016          0.210      0.010           0.03           0.00
  SGP  3106  5252  OUTBOUND-CREDIT                 5         0.100         42.200      0.770          -3.29           0.00
  SGP  5252  3106  INBOUND                      5978       872.975    103,095.520  2,310.630       3,979.28           0.00
  SGP  5252  3106  INBOUND-NB                      1         0.083         22.920      0.410           0.00           0.62
  TAI  3106  4877  OUTBOUND-CREDIT                27         0.695        165.240      4.600         -80.62           0.00
  TAI  4877  3106  INBOUND                        20         0.320         76.630      2.100          12.45           0.00
  TCI  3106  3763  OUTBOUND-CREDIT                 1         0.000          0.000      0.000           0.00           0.00
  TCI  3763  3106  INBOUND-NB                    325         1.413         24.920      0.390           0.00           2.11
  THA  5201  3106  INBOUND                      3387       486.585     54,938.610  1,212.900       5,368.12           0.00
  THA  5201  3106  INBOUND-NB                     23         1.450        243.820      4.610           0.00          22.40
  TLX  3106  4873  OUTBOUND-CREDIT                17         2.277        217.970      4.550        -118.58           0.00
  TNT  3106  3110  OUTBOUND                        2         0.018          0.450      0.020           0.05           0.00
  TNT  3106  3126  OUTBOUND-NB                     2         0.003          0.180      0.000           0.00           0.01
  TNT  3110  3106  INBOUND                         1         0.003          0.000      0.000           0.00           0.00
  TYM  0009  3106  INBOUND                         2         0.007          0.010      0.000           0.00           0.00
  TYM  3106  0009  OUTBOUND-CREDIT                16         0.254          2.350      0.010           0.00           0.00
  UAE  3106  4243  OUTBOUND-CREDIT                 1         0.001          0.360      0.000          -0.05           0.00
  UAE  4243  3106  INBOUND                       127        39.678      3,890.280     78.590         236.54           0.00
  WUI  3104  3106  INBOUND                       691       114.124      4,775.030     80.860         400.11           0.00
  WUI  3106  3104  OUTBOUND-NB                     1         0.015          0.090      0.000           0.00           0.03
  ZAF  3106  6550  OUTBOUND-CREDIT                 1         0.025          0.050      0.000          -0.15           0.00
  ZAF  3106  6550  OUTBOUND-CREDIT-TNIC           11         0.892         76.140      2.510         -20.15           0.00
  ANG  6315  3106  INBOUND                       175        12.849        404.000     14.280          44.08           0.00
  ARG  3106  7222  OUTBOUND-CREDIT                 4         0.149          3.920      0.370          -3.12           0.00
  ARG  7220  3106  INBOUND                         1         0.034          2.030      0.120           0.31           0.00
  ARG  7222  3106  INBOUND                      1986       393.931     58,846.740  1,234.770       3,257.40           0.00
  ARG  7222  3106  INBOUND-NB                     13         4.715        174.710      3.480           0.00          16.39
  AUS  3106  5052  OUTBOUND-CREDIT                 3         0.122          8.120      0.210          -1.02           0.00
  AUS  5052  3106  INBOUND                       534        63.244      7,962.410    182.630         245.88           0.00
  AUS  5053  3106  INBOUND                       364        88.981      5,341.800    110.740         199.73           0.00
  AUS  5053  3106  INBOUND-NB                      1         0.020          2.640      0.080           0.00           0.10
  BHR  3106  4263  OUTBOUND-NB                     3         0.000          0.000      0.000           0.00           0.00
  BHR  3106  4263  OUTBOUND-CREDIT                36         3.550        265.270      6.640        -126.10           0.00
  BHR  4263  3106  INBOUND                      1191       131.298     15,492.430    401.700       2,264.75           0.00
  BHR  4263  3106  INBOUND-NB                    113        34.840      4,781.560    123.440           0.00         684.79
  BHS  3640  3106  INBOUND                        35       180.332      3,938.990     84.670         754.56           0.00
  BMU  3106  3503  OUTBOUND-NB                     2         0.007          0.000      0.000           0.00           0.01
  BMU  3106  3503  OUTBOUND-CREDIT               100         2.615        705.080     13.650        -227.21           0.00
  BMU  3503  3106  INBOUND                       380        40.593      4,909.600    120.670         572.14           0.00
  BMU  3503  3106  INBOUND-NB                     17        17.022      1,746.040     43.710           0.00         208.64
  BRA  7240  3106  INBOUND-TNIC                    1         0.371         15.900      0.310           1.36           0.00
  BRA  7241  3106  INBOUND-TNIC                    1         0.425         47.540      0.790           7.00           0.00
  BRA  7249  3106  INBOUND-TNIC                    2         0.069          3.540      0.110           0.61           0.00
  CAM  6242  3106  INBOUND                        26         1.035         73.090      2.340           5.48           0.00
  CAM  6242  3106  INBOUND-TNIC                   27         1.419        136.390      6.290          12.54           0.00
  CAY  3463  3106  INBOUND                         7         0.460         40.100      0.890           4.93           0.00
  CHD  6222  3106  INBOUND                        14         0.844         90.160      1.670           4.09           0.00
  COL  7322  3106  INBOUND                       881      2821.911     19,452.740    392.990       3,214.90           0.00
  COL  7322  3106  INBOUND-NB                      9         0.484        147.030      2.220           0.00           2.70
  COL  7322  3106  INBOUND-TNIC                   99       899.855      1,552.090     32.610         932.46           0.00
  CRI  7129  3106  INBOUND                        38         4.186        336.020      9.540          15.45           0.00
  CRI  7129  3106  INBOUND-NB                      1         0.037         21.530      0.380           0.00           0.47
  CSC  3106  3137  OUTBOUND-CREDIT                23         2.200        178.910      3.770         -32.52           0.00
  DPC  3106  3020  OUTBOUND                       50         8.851      2,036.380     35.250          51.81           0.00
  DPC  3106  3020  OUTBOUND-CREDIT                74         1.880         62.850      3.470         -17.96           0.00
  DPC  3106  3028  OUTBOUND-CREDIT               321         1.404        478.660      8.090         -34.03           0.00
  EGY  6020  3106  INBOUND                       722        53.250      8,102.720    168.800         916.77           0.00
  EGY  6020  3106  INBOUND-NB                      1         0.009          1.860      0.060           0.00           0.20
  FTC  3124  3106  INBOUND                       119        13.640        275.310      9.030          37.18           0.00
  GTM  7044  3106  INBOUND                       187         7.720        495.140     12.290          64.95           0.00
  GTM  7044  3106  INBOUND-NB                     12         0.639         93.900      2.340           0.00          10.66
  HKG  3106  4542  OUTBOUND-CREDIT                 1         0.002          0.270      0.000          -0.05           0.00
  HKG  4545  3106  INBOUND                         1         0.026          1.900      0.060           0.16           0.00
  HND  3106  7080  OUTBOUND-CREDIT                 9         0.001          0.000      0.000          -0.01           0.00
  HUN  2161  3106  INBOUND                        55         4.632        485.050     11.910          33.08           0.00
  HUN  2161  3106  INBOUND-TNIC                  310        38.496      8,041.970    165.460         407.91           0.00
  IRL  3106  2724  OUTBOUND-CREDIT                 1         0.134          7.650      0.140          -0.83           0.00
  ISR  3106  4251  OUTBOUND-CREDIT-TNIC           66        11.072        889.930     31.850        -257.58           0.00
  JAM  3106  3380  OUTBOUND-NB                     3         0.000          0.000      0.000           0.00           0.00
  JAM  3106  3380  OUTBOUND-CREDIT                44         0.005          0.000      0.000          -0.03           0.00
  JAM  3380  3106  INBOUND                      1006       170.861     12,888.330    312.570       1,630.55           0.00
  JAM  3380  3106  INBOUND-NB                   3607        22.078      2,782.800     67.640           0.00         322.43
  JPN  3106  4401  OUTBOUND-CREDIT               394        31.032      3,821.750     70.580        -449.62           0.00
  JPN  3106  4408  OUTBOUND-CREDIT               183        17.457      3,687.260     60.620        -345.50           0.00
  JPN  4401  3106  INBOUND                        28         6.163        756.050     15.890          32.52           0.00
  JPN  4408  3106  INBOUND                       927       135.395     18,213.950    431.710         836.44           0.00
  JPN  4408  3106  INBOUND-NB                      6         0.633        110.680      2.000           0.00           3.88
  KOR  3106  4501  OUTBOUND-CREDIT               395         7.248      1,859.650     56.910        -489.78           0.00
  KOR  4501  3106  INBOUND                         7         1.388        214.170      5.670          19.91           0.00
  MCL  2350  3106  INBOUND                       441       152.997     11,150.740    220.100         309.64           0.00
  MCL  2350  3106  INBOUND-NB                     47         1.793        271.140      5.320           0.00           5.90
  MCL  2351  3106  INBOUND                       611        43.338      9,722.950    291.630       1,015.63           0.00
  MCL  2351  3106  INBOUND-NB                      2         0.011          0.400      0.060           0.00           0.05
  MNI  5154  3106  INBOUND                         1         0.009          0.190      0.040           0.10           0.00
  MNR  5152  3106  INBOUND                         3         0.203         25.820      0.570           1.60           0.00
  MYS  3106  5021  OUTBOUND-CREDIT                97         0.652         80.730      2.100         -12.41           0.00
  NAN  3620  3106  INBOUND                      1151       779.534      3,926.790     97.510       1,951.74           0.00
  NZL  3106  5301  OUTBOUND-CREDIT                 2         0.018          3.280      0.070          -0.28           0.00
  NZL  5301  3106  INBOUND                         9         0.746         70.360      1.840           2.59           0.00
  NZL  5301  3106  INBOUND-TNIC                   61         7.784        817.770     16.830          24.61           0.00
  PAN  3106  7141  OUTBOUND-NB                    10         0.001          0.000      0.000           0.00           0.00
  PAN  3106  7141  OUTBOUND-CREDIT               414        36.985      1,812.190     31.570        -762.21           0.00
  PAN  7141  3106  INBOUND                      2512       517.978     29,494.700    635.880       3,969.76           0.00
  PAN  7141  3106  INBOUND-NB                     33        32.465     11,754.870    293.840           0.00       1,239.44
  PAN  7142  3106  INBOUND                       278        99.498      6,987.210    174.540         897.71           0.00
  PHP  5151  3106  INBOUND                       837        50.091      4,900.800    124.180         361.04           0.00
  RCA  3106  3136  OUTBOUND                       63        31.684     11,157.480    195.070         465.03           0.00
  RCA  3106  3136  OUTBOUND-CREDIT                84         6.538        784.730     17.570        -123.97           0.00
  RCA  3113  3106  INBOUND                         1         0.081          2.300      0.050           0.24           0.00
  SEN  6081  3106  INBOUND-TNIC                   67         3.116        664.330     15.040          29.50           0.00
  SGP  3106  5252  OUTBOUND-CREDIT               179         4.806        224.060      4.700         -35.67           0.00
  SGP  5252  3106  INBOUND                      3406       464.978     52,513.040  1,149.400       2,017.85           0.00
  TAI  3106  4877  OUTBOUND-CREDIT                50         2.118        525.340     11.970        -255.47           0.00
  TAI  4877  3106  INBOUND                         6         1.989         31.890      0.670          10.75           0.00
  TCI  3106  3763  OUTBOUND-CREDIT                 4         0.001          0.000      0.000           0.00           0.00
  TCI  3763  3106  INBOUND-NB                    313         1.390         24.610      0.400           0.00           0.00
  THA  5201  3106  INBOUND-TNIC                    1         0.006          0.320      0.010           0.04           0.00
  TLX  3106  4872  OUTBOUND-CREDIT-TNIC            1         0.070          5.450      0.420          -3.09           0.00
  TLX  3106  4873  OUTBOUND-CREDIT                31         2.303        317.460      6.130        -163.58           0.00
  TLX  3106  8010  OUTBOUND                     1096        17.547        984.320     25.210          70.48           0.00
  TLX  3106  8020  OUTBOUND                      269         3.101        377.660      7.660          19.78           0.00
  TLX  3106  8030  OUTBOUND                      260         3.568        242.300      5.320          15.84           0.00
  TLX  3106  8231  OUTBOUND                     3279        65.781      2,711.860     88.280         229.03           0.00
  TLX  3106  8231  OUTBOUND-NB                     3         0.005          0.140      0.000           0.00           0.01
  TLX  3106  8231  OUTBOUND-CREDIT                 1         0.001          0.000      0.000           0.00           0.00
  TNT  3106  3110  OUTBOUND                      770       106.523     10,407.530    271.270         587.68           0.00
  TNT  3106  3110  OUTBOUND-CREDIT               659       182.600     25,613.830    967.180      -3,861.85           0.00
  TRT  3106  3119  OUTBOUND                     1161        15.178      5,030.170    141.100         211.37           0.00
  TRT  3106  3119  OUTBOUND-NB                    18         0.820          5.850      0.900           0.00           1.85
  TRT  3106  3119  OUTBOUND-CREDIT              1087        10.716        755.940     35.270        -145.88           0.00
  TRT  3106  3119  OUTBOUND-TNIC                 201        36.101      2,636.610     91.480         167.11           0.00
  TRT  3119  3106  INBOUND                       269        26.022      9,214.510    194.030         383.75           0.00
  TRT  3119  3106  INBOUND-NB                     10         1.275        106.780      2.890           0.00           6.39
  TRT  3119  3106  INBOUND-TNIC                    2         0.320         45.140      0.870           2.26           0.00
  TTO  3106  3740  OUTBOUND-NB                     6         0.000          0.000      0.000           0.00           0.00
  TTO  3106  3740  OUTBOUND-CREDIT               112         3.478        369.020     27.630        -186.65           0.00
  TTO  3740  3106  INBOUND                       967       521.439      9,528.110    257.310       1,557.51           0.00
  TTO  3740  3106  INBOUND-NB                     33         8.297        529.470     13.220           0.00          43.03
  TTO  3745  3106  INBOUND                       193        22.317      2,374.690     48.030         140.71           0.00
  TUN  6050  3106  INBOUND                        12         0.785         57.700      1.210           0.00           0.00
  TYM  3106  0009  OUTBOUND-CREDIT                 5         0.025          0.520      0.010           0.00           0.00
  URG  7482  3106  INBOUND                         1         0.077          4.050      0.130           0.20           0.00
  ZAF  6550  3106  INBOUND                         1         0.011          0.580      0.020           0.07           0.00
  AUS  3106  5052  OUTBOUND-CREDIT-TNIC          130         2.962        419.500      8.090         -33.16           0.00
  BMU  3106  3503  OUTBOUND-NB                     1         0.000          0.000      0.000           0.00           0.00
  BMU  3106  3503  OUTBOUND-CREDIT                 8         0.003          0.000      0.000          -0.02           0.00
  BMU  3503  3106  INBOUND                       360        33.534      5,516.600    140.440         618.73           0.00
  BMU  3503  3106  INBOUND-NB                     14         9.441      2,024.640     51.010           0.00         221.34
  BRB  3106  3423  OUTBOUND-NB                    11         0.000          0.000      0.000           0.00           0.00
  BRB  3106  3423  OUTBOUND-CREDIT                79         0.014          0.000      0.000          -0.08           0.00
  BRB  3423  3106  INBOUND                       307      1361.671      5,410.640    132.900       3,264.40           0.00
  BRB  3423  3106  INBOUND-NB                     55         6.004        416.150     10.370           0.00          53.62
  CAY  3106  3463  OUTBOUND-NB                    12         0.362          0.000      0.110           0.00           0.72
  CAY  3106  3463  OUTBOUND-CREDIT                52         0.009          0.000      0.000          -0.05           0.00
  CAY  3463  3106  INBOUND                      1126       112.427      9,438.270    235.430       1,168.68           0.00
  CAY  3463  3106  INBOUND-NB                    985      1738.551      6,123.730    152.640           0.00       4,089.47
  FTC  3124  3106  INBOUND                        53       480.594      4,929.780    147.530       1,138.65           0.00
  JPN  4401  3106  INBOUND                       102        11.854        628.790     20.980          48.43           0.00
  JPN  4408  3106  INBOUND                       975        78.342      6,654.360    142.920         326.31           0.00
  MCL  2350  3106  INBOUND                        13         0.313         34.490      0.830           0.95           0.00
  MCL  2351  3106  INBOUND                       127         8.665      1,022.010     27.760         110.86           0.00
  SGP  3106  5252  OUTBOUND-CREDIT                71         2.486        858.940     17.140         -73.60           0.00
  TCI  3106  3763  OUTBOUND-CREDIT                 2         0.000          0.000      0.000           0.00           0.00
  TCI  3763  3106  INBOUND-NB                    309         1.378         24.370      0.390           0.00           2.06
  TRT  3106  3119  OUTBOUND                      220        29.436      1,439.710     65.160         110.69           0.00
  TYMNET                                                                                                         PAGE    1
  ARG  3106  7222  OUTBOUND-CREDIT                 1         0.018          0.930      0.080          -0.64           0.00
  AUS  5052  3106  INBOUND                        78         7.840        996.290     22.660          30.50           0.00
  AUS  5053  3106  INBOUND                        52        11.082        379.390      8.130          19.21           0.00
  BHR  4263  3106  INBOUND                        74         4.806        638.940     16.040          91.88           0.00
  CHL  7302  3106  INBOUND                       985       117.357     11,230.410    331.130         896.98           0.00
  CHL  7303  3106  INBOUND                        21         1.654        219.170      3.960          11.23           0.00
  CHL  7305  3106  INBOUND                       477        82.353      4,692.860    102.530         369.77           0.00
  DMR  3701  3106  INBOUND                        20         4.115      1,085.930     28.090         132.45           0.00
  HKG  4542  3106  INBOUND                        38         2.386        384.850      8.780          22.92           0.00
  HKG  4546  3106  INBOUND                         2         0.125          8.660      0.280           0.86           0.00
  ISR  3106  4251  OUTBOUND-CREDIT                48         8.193        643.140     25.600        -199.73           0.00
  ISR  4251  3106  INBOUND-TNIC                   36         5.133        373.690      8.080          26.03           0.00
  JPN  4400  3106  INBOUND                       548        53.355     14,327.910  1,193.380       3,793.57           0.00
  KEN  6390  3106  INBOUND                        10         0.217         51.010      0.880           1.78           0.00
  MYS  5021  3106  INBOUND                       316       162.235     13,017.430    242.690         607.39           0.00
  NZL  5301  3106  INBOUND                         1         0.098         20.190      0.360           0.46           0.00
  NZL  5301  3106  INBOUND-TNIC                    3         0.279         57.320      1.080           1.36           0.00
  PAN  7142  3106  INBOUND                       139        94.551     10,299.570    206.090         601.28           0.00
  THA  5201  3106  INBOUND                         1         0.003          0.240      0.000           0.02           0.00
  TNT  3106  3110  OUTBOUND-CREDIT              1877       448.525     56,543.010  2,394.580      -8,797.66           0.00
  TNT  3106  3110  OUTBOUND-CREDIT-TNIC            1         0.005          0.440      0.040          -0.08           0.00
  TNT  3110  3106  INBOUND                      1155       150.376     18,095.270    429.310         952.12           0.00
  TNT  3110  3106  INBOUND-NB                      3         0.583        162.800      2.660           0.00           7.02
  TUR  2862  3106  INBOUND                       170        12.298      1,446.590     36.940          98.49           0.00
  VEN  7340  3106  INBOUND                        49         8.582      1,302.750     23.310          39.87           0.00
  ZIM  6482  3106  INBOUND-TNIC                    2         0.110         13.180      0.190           0.00           0.00
  C&W-HONG KONG                                                                                                  PAGE    1
  C&W-HONG KONG                                                                                                  PAGE    1
  ARG  3106  7222  OUTBOUND-CREDIT-TNIC            6         0.229         19.110      1.070          -7.80           0.00
  AUS  3106  5052  OUTBOUND-CREDIT-TNIC            5         0.380         23.840      1.010          -4.18           0.00
  BHR  3106  4263  OUTBOUND-CREDIT               205         4.529        597.500     10.260        -258.03           0.00
  BHR  4263  3106  INBOUND                         6         0.487         31.360      0.940           5.13           0.00
  BHR  4263  3106  INBOUND-TNIC                    1         0.020          1.980      0.050           0.29           0.00
  CHN  3106  4602  OUTBOUND-CREDIT                 1         0.016          0.000      0.000           0.00           0.00
  CHN  3106  4602  OUTBOUND-CREDIT-TNIC         1133        78.035      3,892.820    106.950           0.00           0.00
  CYP  2802  3106  INBOUND                        78         4.141        226.370      9.980           0.00           0.00
  DPC  3106  3028  OUTBOUND-CREDIT                16         0.176         12.750      0.230          -0.80           0.00
  HKG  3106  4542  OUTBOUND-CREDIT                 7         0.095          4.470      0.080          -1.13           0.00
  IDN  3106  5101  OUTBOUND-CREDIT                43         1.070          2.320      0.040          -6.68           0.00
  IDN  3106  5101  OUTBOUND-CREDIT-TNIC         3464       392.460      4,475.740    234.880      -3,764.04           0.00
  IRL  2724  3106  INBOUND                        15         4.117        798.120     14.850          18.97           0.00
  IRL  2724  3106  INBOUND-TNIC                   40         2.277        476.670     10.910          13.19           0.00
  IRL  3106  2724  OUTBOUND-CREDIT-TNIC          401        63.114      3,073.860    177.740        -722.56           0.00
  ISR  3106  4251  OUTBOUND-CREDIT               271        22.316          3.610      0.270        -135.52           0.00
  ISR  3106  4251  OUTBOUND-CREDIT-TNIC         3491       604.338      4,859.250    275.060      -5,276.41           0.00
  ISR  4251  3106  INBOUND                       278        43.555      3,245.070    104.270         295.65           0.00
  ISR  4251  3106  INBOUND-NB                      2         0.241         35.510      0.770           0.00           2.02
  ISR  4251  3106  INBOUND-TNIC                 7975       672.799    122,481.170  2,875.370       7,096.35           0.00
  JPN  3106  4401  OUTBOUND-CREDIT               171         5.288      1,177.000     21.530        -118.65           0.00
  JPN  3106  4401  OUTBOUND-CREDIT-TNIC            1         0.027          0.210      0.000          -0.13           0.00
  JPN  3106  4408  OUTBOUND-CREDIT               855        30.515      3,709.980     65.270        -423.82           0.00
  JPN  3106  4408  OUTBOUND-CREDIT-TNIC            9         0.458         39.930      0.850          -5.82           0.00
  JPN  3106  4411  OUTBOUND-CREDIT-TNIC           41        16.771      1,512.910     39.630        -249.60           0.00
  JPN  4411  3106  INBOUND                        19         5.380      1,265.670     35.540          60.36           0.00
  JPN  4411  3106  INBOUND-TNIC                 1048       133.057     19,783.460    418.540         813.55           0.00
  KOR  3106  4501  OUTBOUND-CREDIT                88         1.001        375.130     14.000         -37.36           0.00
  MCL  3106  2350  OUTBOUND-CREDIT                 3         0.000          0.000      0.000           0.00           0.00
  MCL  3106  2350  OUTBOUND-CREDIT-TNIC          363       840.990      1,950.380     53.870      -2,228.18           0.00
  MCL  3106  2351  OUTBOUND-CREDIT-TNIC           42         3.912        264.650     29.820         -91.13           0.00
  MEX  3106  3340  OUTBOUND-CREDIT-TNIC           11         0.154          9.000      0.920          -3.24           0.00
  MYS  3106  5021  OUTBOUND-CREDIT                 7         0.104          3.810      0.110          -0.98           0.00
  PHP  3106  5151  OUTBOUND-CREDIT-TNIC            2         0.018          0.000      0.060          -0.51           0.00
  SGP  3106  5252  OUTBOUND-CREDIT                11         0.166         13.120      0.220          -1.46           0.00
  SGP  3106  5252  OUTBOUND-CREDIT-TNIC         6755      1208.056     44,570.720    826.550      -7,629.54           0.00
  TLX  3106  4872  OUTBOUND-CREDIT-TNIC            2         0.048          0.250      0.090          -0.55           0.00
  TLX  3106  4873  OUTBOUND-CREDIT                18         0.569        203.490      3.450         -13.56           0.00
  TNT  3106  3110  OUTBOUND-CREDIT-TNIC         1395       363.276     29,226.350  1,188.170      -3,863.02           0.00
  TYM  3106  0009  OUTBOUND-CREDIT                11         0.138          0.630      0.010           0.00           0.00
  UAE  3106  4243  OUTBOUND-CREDIT                 3         0.023          0.000      0.000          -0.13           0.00
  UAE  3106  4243  OUTBOUND-CREDIT-TNIC          191         5.637        270.460     10.010        -155.52           0.00
  UAE  4243  3106  INBOUND                       873        81.051     11,253.060    272.620       1,850.04           0.00
  UAE  4243  3106  INBOUND-TNIC                 1413       297.092     17,870.610    373.480       3,274.74           0.00
  WUI  3106  3104  OUTBOUND-CREDIT-TNIC            1         0.004          0.180      0.030          -0.08           0.00
  ZAF  3106  6550  OUTBOUND-CREDIT                 8         0.160          0.530      0.000          -0.99           0.00
  ZAF  3106  6550  OUTBOUND-CREDIT-TNIC          329        54.810      5,323.710    109.500        -971.07           0.00
  ZAF  6550  3106  INBOUND                        33         7.262      1,146.910     24.100          61.78           0.00
  ZAF  6550  3106  INBOUND-TNIC                   66         4.105        315.410      7.770          23.39           0.00
  ZIM  6482  3106  INBOUND-TNIC                   58         4.780        551.270      9.000           0.00           0.00
  DATA MANAGEMENT CO                                                                                             PAGE    1
  CPS  3106  3132  OUTBOUND-CREDIT-TNIC            1         0.049          6.920      0.190          -1.04           0.00
  ISR  3106  4251  OUTBOUND-CREDIT-TNIC           14         8.266        580.480     12.790        -126.34           0.00
  TNT  3106  3110  OUTBOUND-CREDIT-TNIC          466       150.426     18,108.800    586.480      -2,858.27           0.00
  JAMAICA                                                                                                        PAGE    1
  TRINIDAD                                                                                                       PAGE    1
  BARBADOS                                                                                                       PAGE    1
  CAYMAN ISLANDS                                                                                                 PAGE    1
  PHILIPPINES GLOBAL COMM. INC.                                                                                  PAGE    1
  PHILIPPINES                                                                                                    PAGE    1
  COSTA RICA                                                                                                     PAGE    1
  COSTA RICA                                                                                                     PAGE    1
   )