  ARG  3106  7222  OUTBOUND-CREDIT                28         1.344        151.860      2.490         -23.01           0.00
  ARG  7222  3106  INBOUND                       287         8.303      1,588.170     42.220         101.06           0.00
  AUS  3106  5052  OUTBOUND-CREDIT                 8         0.465         33.440      0.750          -3.67           0.00
  AUS  3106  5053  OUTBOUND                       13         1.293         86.360      2.030           3.32           0.00
  AUS  3106  5053  OUTBOUND-CREDIT                 6         0.025          9.240      0.150          -0.53           0.00
  AUS  5052  3106  INBOUND                      1450       121.425     16,395.720    398.230         519.65           0.00
  AUS  5052  3106  INBOUND-NB                      1         0.006          1.770      0.070           0.00           0.08
  AUS  5053  3106  INBOUND                       923       134.951     14,452.510    306.550         441.50           0.00
  AUS  5053  3106  INBOUND-NB                      1         0.049          0.930      0.050           0.00           0.10
  BHR  3106  4263  OUTBOUND-CREDIT               205         8.282        683.670     15.310        -318.48           0.00
  BHR  4263  3106  INBOUND                       443        55.292      5,033.200    135.430         767.36           0.00
  BHR  4263  3106  INBOUND-NB                     71         5.085        699.730     17.860           0.00         100.17
  BMU  3106  3503  OUTBOUND                        2         0.018         22.680      0.370           2.30           0.00
  BMU  3106  3503  OUTBOUND-NB                     1         0.006          0.000      0.090           0.00           0.01
  BMU  3106  3503  OUTBOUND-CREDIT                16         0.192         46.140      1.030         -14.99           0.00
  BMU  3503  3106  INBOUND                       664        64.113      8,733.980    221.680       1,001.62           0.00
  BMU  3503  3106  INBOUND-NB                     26        55.226      2,655.200     66.580           0.00         375.97
  BRA  3106  7241  OUTBOUND                       11         1.223        117.250      3.530          17.71           0.00
  BRA  3106  7241  OUTBOUND-CREDIT                 1         0.041          4.150      0.070          -1.87           0.00
  CHL  3106  7303  OUTBOUND-CREDIT                 3         0.038          8.840      0.150          -1.14           0.00
  CHL  3106  7305  OUTBOUND                       48         7.570        343.510     14.120          43.39           0.00
  CHL  7303  3106  INBOUND                      1291       184.786     18,960.420    471.870       1,313.32           0.00
  CHL  7303  3106  INBOUND-TNIC                    1         0.178         15.700      0.490           1.34           0.00
  CHN  4602  3106  INBOUND                         1         0.074          3.280      0.100           0.71           0.00
  CHN  4602  3106  INBOUND-TNIC                    4         0.050          2.680      0.070           0.55           0.00
  COL  3106  7322  OUTBOUND-CREDIT                23         0.951         53.610      0.980          -5.80           0.00
  COL  7322  3106  INBOUND                      1052       145.056     17,694.330    385.710         530.76           0.00
  COL  7322  3106  INBOUND-NB                      9         0.937        318.670      5.400           0.00           6.34
  COL  7322  3106  INBOUND-TNIC                   81         3.605        426.890      9.100          12.71           0.00
  CPS  3106  3132  OUTBOUND                        1         0.004          0.000      0.000           0.00           0.00
  CRI  7122  3106  INBOUND                         2         0.109         11.240      0.390           0.56           0.00
  CRI  7129  3106  INBOUND                        10         1.011        133.810      6.660           8.63           0.00
  DPC  3106  3020  OUTBOUND-CREDIT               330       102.562      5,562.910    116.980        -707.90           0.00
  DPC  3106  3025  OUTBOUND-CREDIT                 3         0.041          0.350      0.000          -0.13           0.00
  DPC  3106  3028  OUTBOUND-CREDIT                13         0.094         14.440      0.250          -1.20           0.00
  HKG  3106  4542  OUTBOUND                        8         0.036          9.730      0.170           0.37           0.00
  HKG  3106  4542  OUTBOUND-CREDIT                27         0.175         54.280      0.920          -5.78           0.00
  HUN  2161  3106  INBOUND-TNIC                    1         0.100         68.600      1.430           3.06           0.00
  HUN  3106  2161  OUTBOUND-TNIC                   6         0.483          3.210      0.260           1.50           0.00
  IND  3106  4042  OUTBOUND-NB                     1         0.014          0.240      0.010           0.00           0.02
  IND  3106  4042  OUTBOUND-CREDIT               150         3.559      1,962.440     31.590        -105.46           0.00
  IND  3106  4042  OUTBOUND-CREDIT-TNIC            1         0.010          1.320      0.020          -0.11           0.00
  IND  4042  3106  INBOUND                      2606       348.655     36,093.370  1,001.100       1,349.76           0.00
  IND  4042  3106  INBOUND-NB                     95         2.149        353.240      9.020           0.00          11.17
  IRL  2724  3106  INBOUND                      2213       159.947     29,697.460    633.890         793.83           0.00
  IRL  2724  3106  INBOUND-NB                      2         0.039          3.340      0.130           0.00           0.17
  IRL  3106  2724  OUTBOUND                        4         2.420        301.720     14.320          16.74           0.00
  IRL  3106  2724  OUTBOUND-CREDIT               138        19.272      8,236.670    131.530        -452.43           0.00
  IRL  3106  2724  OUTBOUND-TNIC                   1         0.110         11.700      0.200           0.31           0.00
  IRL  3106  2724  OUTBOUND-CREDIT-TNIC            2         0.125         12.090      0.260          -1.17           0.00
  ISR  3106  4251  OUTBOUND-NB                     1         0.079          2.190      0.100           0.00           0.30
  ISR  3106  4251  OUTBOUND-CREDIT               913       371.633     23,780.090  1,111.920      -7,232.28           0.00
  ISR  4251  3106  INBOUND                         7         0.590         62.270      1.750           3.81           0.00
  JPN  3106  4401  OUTBOUND                       87        13.956      3,057.120     68.400         121.48           0.00
  JPN  3106  4401  OUTBOUND-CREDIT               332        47.934      3,402.790     62.050        -486.69           0.00
  JPN  3106  4406  OUTBOUND-CREDIT                 5         0.289          8.890      0.930          -5.42           0.00
  JPN  3106  4408  OUTBOUND                       58         4.204      2,166.200     45.100          72.72           0.00
  JPN  3106  4408  OUTBOUND-CREDIT               607        10.535      4,681.330     75.530        -380.80           0.00
  JPN  3106  4410  OUTBOUND-NB                     1         0.010          0.080      0.000           0.00           0.02
  JPN  4401  3106  INBOUND                         7         0.078          3.360      0.140           0.32           0.00
  JPN  4408  3106  INBOUND                        18         1.841        132.390      2.800           6.85           0.00
  JPN  4410  3106  INBOUND                       141        39.354      5,361.830     96.950         201.04           0.00
  KOR  3106  4500  OUTBOUND-NB                     1         0.024          0.100      0.000           0.00           0.02
  KOR  3106  4500  OUTBOUND-CREDIT                 3         0.025          0.270      0.000          -0.09           0.00
  KOR  3106  4501  OUTBOUND                      116         4.707      2,517.300     59.210          63.92           0.00
  KOR  3106  4501  OUTBOUND-CREDIT                42         1.464        543.400     12.010         -40.44           0.00
  KOR  3106  4501  OUTBOUND-TNIC                   2         0.000          0.140      0.000           0.00           0.00
  KOR  4500  3106  INBOUND                        63         9.674      1,021.120     21.910          31.58           0.00
  MAN  3106  5156  OUTBOUND-NB                     2         0.000          0.000      0.000           0.00           0.00
  MAN  3106  5156  OUTBOUND-CREDIT                10         0.001          0.000      0.000           0.00           0.00
  MAN  5156  3106  INBOUND                       507        50.343      7,433.260    146.210         405.68           0.00
  MAN  5156  3106  INBOUND-NB                    141         7.465        426.730     10.600           0.00          37.99
  MCL  2350  3106  INBOUND                         1         0.029          3.710      0.070           0.08           0.00
  MCL  2351  3106  INBOUND                         9         0.627         35.930      0.850           4.22           0.00
  MEX  3106  3340  OUTBOUND-CREDIT                 1         0.024          0.430      0.020          -0.23           0.00
  MNR  3106  5152  OUTBOUND                       50         5.309        794.680     52.900          94.59           0.00
  MNR  5152  3106  INBOUND                       166        26.866      5,811.670     98.520         203.74           0.00
  MYS  3106  5021  OUTBOUND-CREDIT                28         0.233         36.430      0.840          -4.83           0.00
  MYS  5021  3106  INBOUND                      1218       789.986     64,367.680  1,295.810       3,128.67           0.00
  MYS  5021  3106  INBOUND-NB                      3         0.005          2.530      0.120           0.00           0.19
  PER  3106  7160  OUTBOUND-CREDIT               118       534.716     29,886.350    722.680     -15,217.74           0.00
  PER  7160  3106  INBOUND                      1190       197.868     27,074.740    613.160       3,878.96           0.00
  SEN  6081  3106  INBOUND-TNIC                   29         1.107         83.790      2.320           5.58           0.00
  SGP  3106  5252  OUTBOUND-CREDIT                 2         0.025         11.780      0.190          -0.84           0.00
  TAI  3106  4877  OUTBOUND                      316         1.834        563.900     13.700          30.59           0.00
  TAI  3106  4877  OUTBOUND-CREDIT                38         0.991        286.130      7.070         -47.66           0.00
  TAI  4877  3106  INBOUND                       119         5.773      2,461.890     51.810         113.43           0.00
  TCI  3106  3763  OUTBOUND-CREDIT                 4         0.001          0.000      0.000           0.00           0.00
  TCI  3763  3106  INBOUND-NB                    398         1.705         30.230      0.480           0.00           6.43
  THA  5200  3106  INBOUND-NB                      3       148.314          4.820      0.120           0.00         297.01
  TLX  3106  4872  OUTBOUND-CREDIT                 5         0.174          4.000      0.660          -4.94           0.00
  TLX  3106  4873  OUTBOUND                        2         0.067          2.180      0.080           0.29           0.00
  TLX  3106  4873  OUTBOUND-CREDIT                12         0.707        216.240      3.660         -25.81           0.00
  TNT  3106  3110  OUTBOUND                       20         4.314      1,031.210     34.260          45.75           0.00
  TNT  3106  3110  OUTBOUND-CREDIT              3887       745.038     76,885.590  4,579.000     -12,773.59           0.00
  TNT  3106  3110  OUTBOUND-CREDIT-TNIC           23         2.872        677.780     12.520         -90.43           0.00
  TUN  6050  3106  INBOUND-TNIC                    8         0.294         23.420      0.540           0.00           0.00
  TUR  2863  3106  INBOUND                      1184       336.514     21,995.630    473.520         672.27           0.00
  TUR  2863  3106  INBOUND-NB                     14         0.176         49.510      1.360           0.00           1.27
  TUR  3106  2863  OUTBOUND-CREDIT               136         4.161      1,991.630     30.580         -86.49           0.00
  TYM  0009  3106  INBOUND                         2         0.010          2.130      0.120           0.00           0.00
  TYM  3106  0009  OUTBOUND-CREDIT                14         0.149          2.070      0.040           0.00           0.00
  URG  7482  3106  INBOUND                       127         5.677      1,130.980     27.260          60.93           0.00
  WUI  3104  3106  INBOUND                      3845       671.823     25,133.900    524.120       2,248.29           0.00
  WUI  3104  3106  INBOUND-NB                    529        44.823      3,050.770     76.010           0.00         199.44
  WUI  3106  3104  OUTBOUND                     6139      1753.731     98,454.250  2,420.310       7,051.52           0.00
  WUI  3106  3104  OUTBOUND-NB                   105         1.225          1.220      1.270           0.00           2.49
  WUI  3106  3104  OUTBOUND-CREDIT              7004       111.064     37,565.040    638.840      -4,722.92           0.00
  ZAF  3106  6550  OUTBOUND-CREDIT-TNIC            7         0.194         11.740      0.420          -3.68           0.00
  ARG  3106  7222  OUTBOUND-CREDIT                 6         0.000          0.000      0.000           0.00           0.00
  ARG  7220  3106  INBOUND                       660       190.547     12,595.710    322.310       2,050.80           0.00
  ARG  7222  3106  INBOUND                        30         5.715        561.430     12.880          84.46           0.00
  ARG  7222  3106  INBOUND-NB                     12        14.076      1,031.450     25.780           0.00         164.12
  ATG  3106  3443  OUTBOUND-NB                     3         0.177          0.000      0.160           0.00           0.35
  ATG  3106  3443  OUTBOUND-CREDIT                14         0.002          0.000      0.000          -0.01           0.00
  ATG  3443  3106  INBOUND                       454        61.560      4,453.160    111.850         479.35           0.00
  ATG  3443  3106  INBOUND-NB                    360       703.452      2,454.590     61.190           0.00       1,603.25
  AUS  3106  5052  OUTBOUND-CREDIT-TNIC           82         1.547        259.720      4.830         -19.14           0.00
  AUS  5052  3106  INBOUND                       325        39.013      5,694.730    124.910         163.93           0.00
  AUS  5053  3106  INBOUND                       202        17.946      2,727.990     57.990          75.93           0.00
  BHR  3106  4263  OUTBOUND-NB                     2         0.000          0.000      0.000           0.00           0.00
  BHR  3106  4263  OUTBOUND-CREDIT                24         1.378         84.010      2.090         -41.84           0.00
  BHR  4263  3106  INBOUND                      1523       175.785     17,115.030    446.330       2,578.78           0.00
  BHR  4263  3106  INBOUND-NB                    182        31.058      3,153.580     78.370           0.00         471.83
  BMU  3106  3503  OUTBOUND-CREDIT                 5         0.392         72.450      1.730         -24.08           0.00
  BMU  3503  3106  INBOUND                         1         0.012          0.570      0.010           0.08           0.00
  BMU  3503  3106  INBOUND-NB                     14        12.297        344.670      8.610           0.00          59.06
  BRA  3106  7241  OUTBOUND-CREDIT                15         0.358         69.410      1.890         -28.71           0.00
  BRA  7240  3106  INBOUND                       861        86.052      9,197.810    231.460       1,364.82           0.00
  BRA  7241  3106  INBOUND                      1249       190.440     18,577.760    386.720       2,798.27           0.00
  BRA  7249  3106  INBOUND                      2562       400.433     44,721.910  1,168.140       6,591.22           0.00
  BVI  3483  3106  INBOUND-NB                    290         1.347         26.680      0.550           0.00           6.35
  CHN  4602  3106  INBOUND                      1340       117.120      9,726.330    315.540       1,810.27           0.00
  COL  7322  3106  INBOUND                       946       150.286     13,721.200    288.570         864.49           0.00
  COL  7322  3106  INBOUND-NB                      3         0.109         10.640      0.210           0.00           0.64
  COL  7322  3106  INBOUND-TNIC                   96         8.617      1,029.680     21.940          60.20           0.00
  DAM  4150  3106  INBOUND-TNIC                    2         0.112          0.950      0.060           0.20           0.00
  DOM  3101  3106  INBOUND                      1026        35.047      1,737.380     44.140         132.59           0.00
  DOM  3106  3101  OUTBOUND                        1         0.025          6.150      0.110           0.27           0.00
  DPC  3025  3106  INBOUND                         2         0.528         16.320      0.530           0.54           0.00
  DPC  3028  3106  INBOUND                       977        48.653      5,542.790    159.910          97.56           0.00
  DPC  3106  3020  OUTBOUND-CREDIT                54        15.555        753.470     16.850         -57.70           0.00
  EGY  6020  3106  INBOUND                         1         0.053          3.970      0.100           0.50           0.00
  EGY  6020  3106  INBOUND-TNIC                   23         1.485        226.170      4.970          25.58           0.00
  HKG  3106  4542  OUTBOUND-CREDIT                 8         0.057          5.860      0.250          -1.88           0.00
  HKG  3106  4545  OUTBOUND-CREDIT                 1         0.020          0.270      0.050          -0.47           0.00
  HKG  4542  3106  INBOUND                      1873       144.813     28,765.530    582.180       1,490.12           0.00
  IDN  3106  5101  OUTBOUND-CREDIT                25         1.019         58.520      1.380         -14.44           0.00
  IDN  5101  3106 UND                      2556       321.634     27,331.800    764.190       2,171.66           0.00
  IDN  5101  3106  INBOUND-NB                     46         2.960        355.430     12.050           0.00          30.03
  IDN  5101  3106  INBOUND-TNIC                   43         5.124        361.110      8.030          26.32           0.00
  IND  4042  3106  INBOUND                         8         0.778         44.760      1.670           2.45           0.00
  IND  4042  3106  INBOUND-TNIC                   23         3.500        516.480     14.860          18.36           0.00
  IRL  3106  2724  OUTBOUND-CREDIT                 1         0.050          6.830      0.310          -1.09           0.00
  ITT  3103  3106  INBOUND                        67         1.343        151.040      3.590           8.12           0.00
  ITT  3103  3106  INBOUND-NB                      2         0.007          3.240      0.110           0.00           0.13
  ITT  3106  3103  OUTBOUND                        8         0.154          0.450      0.000           0.32           0.00
  ITT  3106  3103  OUTBOUND-CREDIT                11         0.072          3.750      0.180          -0.84           0.00
  ITT  3106  3107  OUTBOUND-NB                    22         1.741          0.000      0.830           0.00           3.48
  ITT  3106  3107  OUTBOUND-CREDIT                48         0.004          0.000      0.000          -0.02           0.00
  JAM  3380  3106  INBOUND                      6314       541.650     38,540.680    839.710       1,553.76           0.00
  JPN  3106  4401  OUTBOUND-CREDIT               277        16.455      2,417.340     59.770        -337.28           0.00
  JPN  3106  4406  OUTBOUND-CREDIT                 6         0.064          3.920      0.500          -2.50           0.00
  JPN  3106  4408  OUTBOUND-CREDIT                56         4.160      1,546.320     23.960        -124.45           0.00
  JPN  4401  3106  INBOUND                       227        53.798      2,146.440     78.930         195.77           0.00
  JPN  4401  3106  INBOUND-NB                      1         0.050         14.330      0.280           0.00           0.48
  JPN  4408  3106  INBOUND                      2982       219.712     23,060.780    472.570       1,020.96           0.00
  JPN  4408  3106  INBOUND-NB                      2         0.003          1.780      0.080           0.00           0.13
  KOR  3106  4501  OUTBOUND-CREDIT                28         6.473      2,042.650     51.860        -529.07           0.00
  KOR  4501  3106  INBOUND                       181        38.097      3,826.150     81.680         382.28           0.00
  MAC  4550  3106  INBOUND-TNIC                    1         0.154          6.920      0.140           0.00           0.00
  MNI  3106  5154  OUTBOUND-NB                     6         0.001          0.000      0.000           0.00           0.00
  MNI  3106  5154  OUTBOUND-CREDIT                30         0.023          0.130      0.060          -0.27           0.00
  MNI  5154  3106  INBOUND                      2308       194.144     45,096.930  1,106.360       7,346.91           0.00
  MNI  5154  3106  INBOUND-NB                    197        39.899      6,707.420    167.680           0.00       1,125.80
  MYS  3106  5021  OUTBOUND-CREDIT                24         0.178         20.070      0.510          -3.11           0.00
  NAN  3620  3106  INBOUND                         1         0.048          6.930      0.170           0.79           0.00
  NAN  3620  3106  INBOUND-NB                      5         0.063         15.150      0.390           0.00           1.64
  NZL  5301  3106  INBOUND                      2775       228.445     30,965.740    763.350         991.79           0.00
  NZL  5301  3106  INBOUND-NB                      3         0.386         93.800      2.040           0.00           2.42
  PHP  5151  3106  INBOUND-TNIC                    3         0.151         15.140      0.360           1.06           0.00
  PRI  3106  3300  OUTBOUND-NB                     7         0.001          0.000      0.000           0.00           0.00
  PRI  3106  3300  OUTBOUND-CREDIT                21         0.003          0.000      0.000          -0.02           0.00
  PRI  3300  3106  INBOUND                       110        13.523      5,792.600    161.990         685.47           0.00
  QAT  4271  3106  INBOUND                        79        12.276        825.800     22.220          72.06           0.00
  SEN  6081  3106  INBOUND-TNIC                   51         3.063        291.260      6.660          19.46           0.00
  SGP  3106  5252  OUTBOUND-CREDIT                 1         0.019          9.450      0.150          -0.65           0.00
  SGP  5252  3106  INBOUND                      3979       508.815     56,119.230  1,297.090       2,257.24           0.00
  SGP  5252  3106  INBOUND-NB                      1         0.136         19.190      0.330           0.00           0.58
  TAI  3106  4877  OUTBOUND-CREDIT                19         0.566        121.920      3.180         -59.96           0.00
  TAI  4877  3106  INBOUND                      2317       243.722     48,433.990    956.200       7,996.20           0.00
  TAI  4877  3106  INBOUND-NB                      6         0.089         32.050      0.710           0.00           5.07
  TAI  4877  3106  INBOUND-TNIC                    1         0.040          2.420      0.060           0.48           0.00
  TCI  3106  3763  OUTBOUND-CREDIT                 3         0.000          0.000      0.000           0.00           0.00
  TCI  3763  3106  INBOUND-NB                    396         1.672         30.320      0.480           0.00           2.53
  TLX  3106  4872  OUTBOUND-CREDIT               104        20.367      6,459.770    107.790      -3,090.20           0.00
  TLX  3106  4873  OUTBOUND-CREDIT                10         0.402         74.640      1.510         -37.20           0.00
  TLX  4872  3106  INBOUND                      1675       219.268     26,455.280    611.410       4,626.05           0.00
  TLX  4873  3106  INBOUND                      2153       271.635     43,107.520  1,070.010       7,280.97           0.00
  TNT  3106  3110  OUTBOUND                        3         0.030          2.090      0.070           0.13           0.00
  TNT  3106  3110  OUTBOUND-CREDIT               183       106.136     12,385.510    763.220      -1,974.44           0.00
  TUN  6050  3106  INBOUND-TNIC                    4         0.251         15.830      0.310           0.00           0.00
  TYM  3106  0009  OUTBOUND-CREDIT                 8         0.059          0.700      0.010          -0.21           0.00
  URG  7482  3106  INBOUND                       675        78.201     13,663.910    326.710         797.65           0.00
  URG  7482  3106  INBOUND-NB                     16         1.366        326.200      6.130           0.00          14.77
  WUI  3106  3104  OUTBOUND-CREDIT                 1         0.005          0.240      0.010          -0.05           0.00
  ZAF  3106  6550  OUTBOUND-CREDIT                 8         0.199         39.780      0.960          -6.88           0.00
  ZAF  6550  3106  INBOUND                      1373       297.169     27,799.160    681.300       1,927.52           0.00
  AUS  3106  5052  OUTBOUND-CREDIT                14         0.237         42.540      0.790          -3.08           0.00
  AUS  5052  3106  INBOUND                       128        11.163      1,733.200     40.140          51.31           0.00
  AUS  5053  3106  INBOUND                        68         6.804      1,399.400     27.590          34.40           0.00
  BHR  3106  4263  OUTBOUND-NB                     1         0.000          0.000      0.000           0.00           0.00
  BHR  3106  4263  OUTBOUND-CREDIT               201         4.466        558.620     10.510        -242.97           0.00
  BHR  4263  3106  INBOUND                       839        73.144      7,785.170    197.020       1,155.97           0.00
  BHR  4263  3106  INBOUND-NB                     47         3.752        591.070     16.020           0.00          83.26
  BHS  3640  3106  INBOUND                         1         0.012          2.140      0.050           0.23           0.00
  BMU  3106  3503  OUTBOUND-CREDIT                 8         0.311         89.390      3.390         -28.68           0.00
  BMU  3503  3106  INBOUND                         2         0.048          0.630      0.010           0.15           0.00
  BMU  3503  3106  INBOUND-NB                     12         8.731        607.660     15.180           0.00          78.23
  BRB  3423  3106  INBOUND                         2         0.031          3.230      0.090           0.38           0.00
  CHL  3106  7305  OUTBOUND-CREDIT               134         3.763      1,067.070     19.060        -428.37           0.00
  DPC  3106  3020  OUTBOUND-CREDIT               103        14.569        798.960     18.730         -57.33           0.00
  DPC  3106  3025  OUTBOUND-CREDIT                 3         0.051          0.670      0.010          -0.12           0.00
  DPC  3106  3028  OUTBOUND-CREDIT                14         0.052         17.100      0.290          -0.70           0.00
  HKG  3106  4542  OUTBOUND-CREDIT                38         0.435        178.650      3.250         -22.45           0.00
  HKG  3106  4544  OUTBOUND-CREDIT                 1         0.012          0.280      0.060          -0.45           0.00
  HKG  4542  3106  INBOUND                      3728       328.335     60,021.640  1,220.640       3,179.90           0.00
  HKG  4544  3106  INBOUND                         1         0.000          0.000      0.000           0.00           0.00
  HKG  4545  3106  INBOUND                        46         4.970        550.360     12.120          35.42           0.00
  ITT  3106  3103  OUTBOUND                       27         0.945        137.180      4.040           6.82           0.00
  JPN  3106  4401  OUTBOUND-CREDIT               298        23.590      1,972.110     38.570        -275.04           0.00
  JPN  3106  4408  OUTBOUND-CREDIT               584         9.672      3,989.440     69.380        -349.78           0.00
  JPN  4401  3106  INBOUND                       359       143.871      6,680.870    277.670         621.75           0.00
  JPN  4408  3106  INBOUND                      6537       638.895     60,300.030  1,323.190       2,893.76           0.00
  JPN  4408  3106  INBOUND-NB                      5         0.009          4.300      0.250           0.00           0.39
  KOR  3106  4501  OUTBOUND-CREDIT              4733         9.100      1,483.070     36.050        -135.47           0.00
  KOR  4501  3106  INBOUND                     10346      1543.007    172,605.450  3,993.000       5,536.01           0.00
  KOR  4501  3106  INBOUND-NB                      5         0.178         35.320      0.850           0.00           1.03
  MAN  5156  3106  INBOUND                       148        12.998      2,318.190     44.600         118.44           0.00
  MCL  2350  3106  INBOUND                         1         0.042          0.970      0.040           0.07           0.00
  MCL  2351  3106  INBOUND                         7         0.570         25.020      0.710           3.07           0.00
  MNR  3106  5152  OUTBOUND-NB                    19         0.455          0.000      4.040           0.00           7.31
  MNR  3106  5152  OUTBOUND-CREDIT                61         0.021          0.000      0.380          -1.96           0.00
  MNR  5152  3106  INBOUND                      1654       156.039     17,207.490    370.830         856.08           0.00
  MNR  5152  3106  INBOUND-NB                     64        67.932        226.680      5.620           0.00         119.52
  MYS  3106  5021  OUTBOUND-CREDIT                14         0.098          9.310      0.260          -1.61           0.00
  NAN  3106  3620  OUTBOUND-CREDIT                 8         0.016          8.990      0.160          -3.16           0.00
  NAN  3620  3106  INBOUND                       115       699.161      5,611.710    141.000       2,379.21           0.00
  NAN  3620  3106  INBOUND-NB                      5         1.540        328.420      6.360           0.00          40.80
  NZL  3106  5301  OUTBOUND-CREDIT-TNIC            1         2.267        308.230      9.630         -35.70           0.00
  PHP  5151  3106  INBOUND-TNIC                    3         0.320         51.880      1.070           2.87           0.00
  RCA  3106  3113  OUTBOUND-NB                    24         0.193          0.610      0.010           0.00           0.40
  RCA  3106  3113  OUTBOUND-CREDIT                63         0.081          0.670      0.030          -0.55           0.00
  RCA  3113  3106  INBOUND                      1731       103.649     12,653.110    315.750         662.73           0.00
  RCA  3113  3106  INBOUND-NB                      1         0.033          2.540      0.060           0.00           0.15
  SAU  3106  4201  OUTBOUND-CREDIT                 3         0.125          7.470      0.390          -4.49           0.00
  SAU  4201  3106  INBOUND                      1659       134.496     29,755.260    537.520       4,866.73           0.00
  SGP  3106  5252  OUTBOUND-CREDIT                 2         0.005          0.560      0.010          -0.07           0.00
  SGP  5252  3106  INBOUND                      3781       594.029     58,731.030  1,315.550       2,386.84           0.00
  SGP  5252  3106  INBOUND-NB                      1         0.175         27.060      0.490           0.00           0.83
  TAI  3106  4877  OUTBOUND-CREDIT                15         0.343         94.820      2.760         -45.76           0.00
  TAI  4877  3106  INBOUND                       321        14.268      3,390.880     74.630         551.42           0.00
  TCI  3763  3106  INBOUND-NB                    391         1.642         29.920      0.470           0.00           2.49
  THA  5201  3106  INBOUND                      2853       469.962     44,958.710    998.260       4,536.51           0.00
  THA  5201  3106  INBOUND-NB                      9         1.001        167.750      3.020           0.00          15.42
  TLX  3106  4873  OUTBOUND-CREDIT                10         1.937        394.050      6.890        -194.76           0.00
  TNT  3106  3110  OUTBOUND-CREDIT-TNIC            3         1.721         62.740     10.200         -17.10           0.00
  TYM  0009  3106  INBOUND                         2         0.004          0.160      0.020           0.00           0.00
  TYM  3106  0009  OUTBOUND-CREDIT                 6         0.030          0.460      0.010           0.00           0.00
  UAE  4243  3106  INBOUND                        56        12.065        404.020      9.970          44.07           0.00
  WUI  3104  3106  INBOUND                       866       133.249      9,671.630    159.080         614.63           0.00
  ZAF  3106  6550  OUTBOUND-CREDIT-TNIC           16         0.411         52.580      1.450         -11.03           0.00
  ANG  6315  3106  INBOUND                       134         6.626        349.160     12.580          31.20           0.00
  ARG  3106  7222  OUTBOUND-CREDIT                 4         0.148          9.730      0.240          -2.35           0.00
  ARG  7222  3106  INBOUND                      3770       608.514     78,856.520  1,673.870       4,564.78           0.00
  ARG  7222  3106  INBOUND-NB                     18         0.939        262.630      3.790           0.00           9.47
  AUS  3106  5052  OUTBOUND-CREDIT                41         3.608        295.110      7.220         -32.49           0.00
  AUS  3106  5053  OUTBOUND-CREDIT                 1         0.003          1.360      0.020          -0.08           0.00
  AUS  5052  3106  INBOUND                       462        52.156      6,984.410    157.950         210.10           0.00
  AUS  5053  3106  INBOUND                       308        51.585      5,958.250    122.490         174.08           0.00
  BHR  3106  4263  OUTBOUND-NB                     2         0.000          0.000      0.000           0.00           0.00
  BHR  3106  4263  OUTBOUND-CREDIT                24         3.880        338.120      8.440        -155.89           0.00
  BHR  4263  3106  INBOUND                      1243       151.627     14,615.590    385.680       2,205.96           0.00
  BHR  4263  3106  INBOUND-NB                    133        23.807      3,628.760     87.810           0.00         513.10
  BHS  3640  3106  INBOUND                      3558      2266.449     50,280.550  1,251.340       9,560.95           0.00
  BHS  3640  3106  INBOUND-NB                   2735       138.652      3,787.690     93.150           0.00         656.07
  BMU  3106  3503  OUTBOUND-NB                     3         0.005          0.000      0.090           0.00           0.01
  BMU  3106  3503  OUTBOUND-CREDIT                34         0.738        276.140      4.440         -87.27           0.00
  BMU  3503  3106  INBOUND                       580        64.574      7,279.270    191.930         857.07           0.00
  BMU  3503  3106  INBOUND-NB                     16        53.075      2,458.140     61.500           0.00         351.96
  CAM  6242  3106  INBOUND                        41         1.203        211.290      3.790           8.11           0.00
  CAM  6242  3106  INBOUND-TNIC                   14         0.319         22.290      1.860           3.54           0.00
  CAY  3463  3106  INBOUND                         1         0.039          1.930      0.060           0.27           0.00
  CHD  6222  3106  INBOUND                        15         1.007        148.720      2.580           5.83           0.00
  COL  7322  3106  INBOUND                      1054       147.574     19,732.700    402.460         550.03           0.00
  COL  7322  3106  INBOUND-NB                      8         0.157         28.610      0.780           0.00           0.93
  COL  7322  3106  INBOUND-TNIC                  119         9.665      1,550.410     29.590          39.26           0.00
  CPS  3106  3132  OUTBOUND-CREDIT                 3         1.038         56.200      2.300         -12.29           0.00
  CSC  3106  3137  OUTBOUND-CREDIT                 8         0.699         79.450      1.640         -12.77           0.00
  DPC  3106  3020  OUTBOUND-CREDIT               240         8.910        514.440     37.450        -163.84           0.00
  DPC  3106  3028  OUTBOUND-CREDIT               341         1.864        710.860     11.570         -48.27           0.00
  EGY  6020  3106  INBOUND                       840        84.810     11,670.190    242.160       1,336.64           0.00
  FTC  3124  3106  INBOUND                       119       992.530     11,829.810    339.750       2,410.92           0.00
  GTM  7044  3106  INBOUND                       146         6.967        418.880     10.390          55.82           0.00
  GTM  7044  3106  INBOUND-NB                      4         0.433         96.180      2.400           0.00          10.48
  HKG  3106  4542  OUTBOUND-CREDIT                10         0.095         35.930      0.580          -3.59           0.00
  HUN  2161  3106  INBOUND                        42         3.026        411.800      9.200          24.45           0.00
  HUN  2161  3106  INBOUND-TNIC                  250        34.399     12,633.930    241.880         552.56           0.00
  ISR  3106  4251  OUTBOUND-CREDIT-TNIC          127        16.781      1,102.020     41.400        -349.08           0.00
  JAM  3106  3380  OUTBOUND-NB                     8         1.374          0.000      0.220           0.00           2.74
  JAM  3106  3380  OUTBOUND-CREDIT                38         0.007          0.000      0.000          -0.04           0.00
  JAM  3380  3106  INBOUND                       491        95.169      9,765.730    244.340       1,166.91           0.00
  JAM  3380  3106  INBOUND-NB                   4257        39.590      3,620.610     88.220           0.00         441.24
  JPN  3106  4401  OUTBOUND-CREDIT               568        66.683      5,948.380    125.240        -849.21           0.00
  JPN  3106  4408  OUTBOUND-CREDIT               130         8.515      4,420.710     68.670        -341.56           0.00
  JPN  4401  3106  INBOUND                        22         3.077        344.640      6.420          14.01           0.00
  JPN  4408  3106  INBOUND                       875       169.898     18,801.260    463.620         934.40           0.00
  JPN  4408  3106  INBOUND-NB                      2         0.007          2.630      0.120           0.00           0.19
  KOR  3106  4501  OUTBOUND-CREDIT                50         4.387      2,087.740     60.300        -527.37           0.00
  KOR  4501  3106  INBOUND                         3         0.375         90.190      2.830           7.96           0.00
  MCL  2350  3106  INBOUND                       211        35.638      5,890.580    108.710         119.79           0.00
  MCL  2350  3106  INBOUND-NB                     19         0.084          7.100      0.620           0.00           0.58
  MCL  2351  3106  INBOUND                       554        33.287     12,283.300    419.060       1,261.61           0.00
  MCL  2351  3106  INBOUND-NB                      2         0.040          7.310      0.210           0.00           0.77
  MYS  3106  5021  OUTBOUND-CREDIT                39         0.266         27.180      0.740          -4.54           0.00
  NAN  3620  3106  INBOUND                      1238       680.884      3,656.680     90.800       1,727.43           0.00
  PAN  3106  7141  OUTBOUND-NB                    11         0.143          0.550      0.010           0.00           0.33
  PAN  3106  7141  OUTBOUND-CREDIT               374        78.976      7,252.240    132.720      -2,642.39           0.00
  PAN  7141  3106  INBOUND                      3076       646.413     32,805.340    736.660       4,553.82           0.00
  PAN  7141  3106  INBOUND-NB                     28        39.292     13,921.530    348.040           0.00       1,469.55
  PAN  7142  3106  INBOUND                       223        73.482      5,290.620    132.160         676.02           0.00
  PHP  5151  3106  INBOUND                       377        36.009      3,743.610     84.080         249.16           0.00
  RCA  3106  3113  OUTBOUND-CREDIT                 7         0.078          1.270      0.090          -0.60           0.00
  RCA  3106  3136  OUTBOUND-CREDIT                74         4.852        739.800     14.830        -109.00           0.00
  SEN  6081  3106  INBOUND                         2         0.002          0.060      0.000           0.00           0.00
  SEN  6081  3106  INBOUND-TNIC                   78         5.600        464.170     10.230          25.73           0.00
  SGP  3106  5252  OUTBOUND-CREDIT               125         3.524        186.090      4.250         -29.16           0.00
  SGP  5252  3106  INBOUND                      3908       563.773     59,552.820  1,441.080       2,505.92           0.00
  SGP  5252  3106  INBOUND-NB                      1         0.082         24.580      0.340           0.00           0.53
  TAI  3106  4877  OUTBOUND-CREDIT                43         1.068        287.170      7.170        -138.84           0.00
  TAI  4877  3106  INBOUND                         9         2.083        210.820      3.610          37.87           0.00
  TCI  3106  3763  OUTBOUND-CREDIT                 1         0.000          0.000      0.000           0.00           0.00
  TCI  3763  3106  INBOUND-NB                    387         1.649         29.200      0.460           0.00           0.00
  TLX  3106  4872  OUTBOUND-CREDIT-TNIC            2         0.055          1.310      0.230          -1.08           0.00
  TLX  3106  4873  OUTBOUND-CREDIT                21         4.837        686.130     11.850        -352.29           0.00
  TLX  3106  8010  OUTBOUND                     1106        18.880        984.300     25.510          73.14           0.00
  TLX  3106  8020  OUTBOUND                      430         5.317        829.110     15.890          40.46           0.00
  TLX  3106  8030  OUTBOUND                      225         2.892        188.460      4.260          12.55           0.00
  TLX  3106  8231  OUTBOUND                     2692        62.989      2,417.040     79.950         212.86           0.00
  TNT  3106  3110  OUTBOUND-CREDIT              1450       375.526     51,055.370  1,756.090      -7,767.03           0.00
  TNT  3110  3106  INBOUND-NB                      1         0.560          0.000      0.060           0.00           1.12
  TRT  3106  3119  OUTBOUND                     1051        16.161      5,764.730    163.670         239.79           0.00
  TRT  3106  3119  OUTBOUND-NB                    27         1.357         90.070     10.650           0.00           5.95
  TRT  3106  3119  OUTBOUND-CREDIT              1563        18.454      2,179.450     70.880        -346.01           0.00
  TRT  3119  3106  INBOUND                       452        34.961      8,955.560    228.150         392.30           0.00
  TRT  3119  3106  INBOUND-NB                     15         2.332        322.150      6.970           0.00          16.26
  TTO  3106  3740  OUTBOUND-NB                     5         0.001          0.000      0.000           0.00           0.00
  TTO  3106  3740  OUTBOUND-CREDIT               126         3.153        261.180     20.680        -143.03           0.00
  TTO  3740  3106  INBOUND                       948       509.652     11,577.620    312.500       1,644.32           0.00
  TTO  3740  3106  INBOUND-NB                     25        11.203      1,733.580     43.320           0.00         109.06
  TTO  3745  3106  INBOUND                       181        16.676      1,330.420     29.510          92.38           0.00
  TUN  6050  3106  INBOUND                        13         0.955        124.560      2.200           0.00           0.00
  TYM  3106  0009  OUTBOUND-CREDIT                12         0.131          0.700      0.010           0.00           0.00
  ZAF  3106  6550  OUTBOUND-CREDIT-TNIC            4         0.083          2.470      0.140          -1.35           0.00
  AUS  3106  5052  OUTBOUND-CREDIT-TNIC          154         3.593        631.790     11.460         -45.17           0.00
  BMU  3503  3106  INBOUND                         9         0.725         96.550      2.280          11.10           0.00
  BMU  3503  3106  INBOUND-NB                      9        23.574        243.950      6.090           0.00          71.54
  BRA  3106  7241  OUTBOUND-CREDIT-TNIC            1         0.077          4.560      0.100          -2.29           0.00
  BRB  3106  3423  OUTBOUND-NB                    10         0.003          0.000      0.000           0.00           0.00
  BRB  3106  3423  OUTBOUND-CREDIT                59         0.007          0.000      0.000          -0.04           0.00
  BRB  3423  3106  INBOUND                       459      1472.595      8,454.480    205.410       3,790.63           0.00
  BRB  3423  3106  INBOUND-NB                     65         7.128        392.130      9.760           0.00          53.47
  CAY  3106  3463  OUTBOUND-NB                     8         0.001          0.000      0.000           0.00           0.00
  CAY  3106  3463  OUTBOUND-CREDIT                53         0.008          0.000      0.000          -0.04           0.00
  CAY  3463  3106  INBOUND                      1262       109.786      9,288.720    231.620       1,148.44           0.00
  CAY  3463  3106  INBOUND-NB                   1111      1807.501      6,646.760    165.670           0.00       4,279.68
  COL  7322  3106  INBOUND                        46         0.026          3.950      0.070           0.18           0.00
  COL  7322  3106  INBOUND-TNIC                   43        12.741      5,099.500     93.020         208.36           0.00
  DPC  3106  3020  OUTBOUND-CREDIT                 9         0.254         12.290      0.550          -0.94           0.00
  FTC  3124  3106  INBOUND                        21       157.588      2,995.530     80.220         423.01           0.00
  ISR  3106  4251  OUTBOUND-CREDIT-TNIC            8         0.871         84.130      3.090         -23.79           0.00
  JPN  3106  4406  OUTBOUND-CREDIT                 1         0.030          0.400      0.090          -0.53           0.00
  JPN  4401  3106  INBOUND                       343       200.899      2,227.440     95.150         436.66           0.00
  JPN  4408  3106  INBOUND                      2416       180.467     16,789.020    357.090         792.78           0.00
  MCL  2350  3106  INBOUND                        45        15.916        908.340     19.200          29.14           0.00
  MCL  2350  3106  INBOUND-NB                      2         0.008          0.410      0.060           0.00           0.06
  MCL  2351  3106  INBOUND                       298        27.539      4,158.050    120.290         443.34           0.00
  SGP  3106  5252  OUTBOUND-CREDIT                90         2.430        890.410     18.020         -76.68           0.00
  TCI  3106  3763  OUTBOUND-CREDIT                 3         0.000          0.000      0.000           0.00           0.00
  TCI  3763  3106  INBOUND-NB                    378         1.600         28.870      0.450           0.00           2.41
  TNT  3106  3110  OUTBOUND-CREDIT               110        32.592      5,989.080    186.620        -842.36           0.00
  TRT  3106  3119  OUTBOUND                      172        18.965      1,188.510     48.950          80.70           0.00
  TRT  3119  3106  INBOUND                         1         0.013          0.150      0.020           0.03           0.00
  TYM  0009  3106  INBOUND                        22        25.114          4.500      0.470           0.00           0.00
  ZAF  3106  6550  OUTBOUND-CREDIT-TNIC            1         0.014          0.380      0.020          -0.25           0.00
  TYMNET                                                                                                         PAGE    1
  AUS  5052  3106  INBOUND                        67         6.567        720.260     16.740          23.31           0.00
  AUS  5053  3106  INBOUND                        39         2.276        460.220      9.150          11.42           0.00
  BHR  4263  3106  INBOUND                        68         3.655        575.720     12.380          81.10           0.00
  CHL  7302  3106  INBOUND                       913        94.529     14,607.540    356.410         901.88           0.00
  CHL  7303  3106  INBOUND                        12         3.760        673.090     11.680          30.88           0.00
  CHL  7305  3106  INBOUND                       496        53.790      5,398.050    119.140         345.86           0.00
  DMR  3701  3106  INBOUND                       269        31.565      2,082.970     52.790         313.23           0.00
  HKG  4542  3106  INBOUND                         3         0.105         11.180      0.360           0.96           0.00
  ISR  3106  4251  OUTBOUND-CREDIT                12         2.820        195.430     11.700         -85.85           0.00
  JPN  3106  4406  OUTBOUND-CREDIT                 1         0.025          0.400      0.100          -0.58           0.00
  JPN  4400  3106  INBOUND                       566        53.800     13,474.320  1,119.570       3,573.92           0.00
  KEN  6390  3106  INBOUND                         1         0.028          6.720      0.120           0.24           0.00
  PAN  7142  3106  INBOUND                       153       102.620     11,725.400    233.810         672.86           0.00
  SGP  3106  5252  OUTBOUND-CREDIT                 1         0.070          2.160      0.150          -0.83           0.00
  TNT  3106  3110  OUTBOUND-CREDIT              1332       302.675     28,524.690  1,520.840      -4,896.63           0.00
  TNT  3110  3106  INBOUND                      1431       151.589     22,554.140    625.100       1,115.06           0.00
  TUR  2862  3106  INBOUND                       113         8.187      1,036.270     26.290          68.96           0.00
  VEN  7340  3106  INBOUND                         1         0.122         19.550      0.360           0.48           0.00
  VEN  7342  3106  INBOUND                         6         0.488         15.690      0.520           1.01           0.00
  C&W-HONG KONG                                                                                                  PAGE    1
  C&W-HONG KONG                                                                                                  PAGE    1
  AUS  3106  5052  OUTBOUND-CREDIT-TNIC            9         0.649         29.550      1.760          -7.25           0.00
  BHR  3106  4263  OUTBOUND-CREDIT               146         2.631        528.650      8.880        -217.97           0.00
  BHR  4263  3106  INBOUND                        13         0.938         92.840      2.370          13.95           0.00
  BHR  4263  3106  INBOUND-TNIC                    2         0.033          2.370      0.080           0.38           0.00
  CHN  3106  4602  OUTBOUND-CREDIT                 8         0.504          0.670      0.020           0.00           0.00
  CHN  3106  4602  OUTBOUND-CREDIT-TNIC          734       139.458      2,254.560     62.460           0.00           0.00
  CPS  3106  3132  OUTBOUND-CREDIT-TNIC            3         0.283         20.230      0.740          -2.55           0.00
  CYP  2802  3106  INBOUND                        72         3.151        195.000      8.750           0.00           0.00
  CYP  2802  3106  INBOUND-TNIC                    6         0.573         49.910      1.560           0.00           0.00
  DPC  3106  3028  OUTBOUND-CREDIT                12         0.066         13.310      0.230          -0.60           0.00
  HKG  3106  4542  OUTBOUND-CREDIT                28         0.184         56.570      0.960          -7.02           0.00
  HKG  3106  4542  OUTBOUND-CREDIT-TNIC            4         0.032          1.290      0.240          -1.66           0.00
  IDN  3106  5101  OUTBOUND-CREDIT                 9         0.209          0.480      0.000          -1.30           0.00
  IDN  3106  5101  OUTBOUND-CREDIT-TNIC         3119       328.385      3,873.380    200.510      -3,173.38           0.00
  IRL  2724  3106  INBOUND                         1         0.110         10.270      0.420           0.53           0.00
  IRL  2724  3106  INBOUND-TNIC                    7         0.832         62.160      4.450           5.28           0.00
  IRL  3106  2724  OUTBOUND-CREDIT-TNIC          214        16.776      1,362.130    110.190        -380.90           0.00
  ISR  3106  4251  OUTBOUND-CREDIT                36         1.012          1.150      0.030          -6.29           0.00
  ISR  3106  4251  OUTBOUND-CREDIT-TNIC         3581       456.926      4,120.650    225.990      -4,097.53           0.00
  ISR  4251  3106  INBOUND                       213        46.992      3,662.770    101.660         297.32           0.00
  ISR  4251  3106  INBOUND-NB                      1         0.018          0.990      0.060           0.00           0.15
  ISR  4251  3106  INBOUND-TNIC                 8672       645.327    128,551.170  3,004.700       7,300.07           0.00
  JPN  3106  4401  OUTBOUND-CREDIT               254         4.752        944.010     16.230         -92.84           0.00
  JPN  3106  4401  OUTBOUND-CREDIT-TNIC            2         0.011          0.250      0.000          -0.07           0.00
  JPN  3106  4406  OUTBOUND-CREDIT-TNIC           32         0.549         22.510      3.010         -15.77           0.00
  JPN  3106  4408  OUTBOUND-CREDIT               570         8.173      1,827.460     31.470        -175.41           0.00
  JPN  3106  4408  OUTBOUND-CREDIT-TNIC           13         1.467        123.780      2.010         -15.39           0.00
  JPN  3106  4411  OUTBOUND-CREDIT                 1         0.010          0.000      0.000          -0.04           0.00
  JPN  3106  4411  OUTBOUND-CREDIT-TNIC           39        15.249      2,038.770     47.080        -275.80           0.00
  JPN  4401  3106  INBOUND                         7         0.160          6.590      0.340           0.73           0.00
  JPN  4408  3106  INBOUND                        29         7.410        189.640      4.470          17.52           0.00
  JPN  4411  3106  INBOUND                        14         3.466        744.740     20.440          35.27           0.00
  JPN  4411  3106  INBOUND-TNIC                 1045       146.443     22,563.820    453.000         884.12           0.00
  KEN  3106  6390  OUTBOUND-CREDIT-TNIC            1         0.008          0.000      0.000          -0.07           0.00
  KEN  6390  3106  INBOUND-TNIC                  268        12.875      2,169.270     42.490          89.97           0.00
  KOR  3106  4501  OUTBOUND-CREDIT                 5         0.028         15.320      0.340          -0.92           0.00
  MCL  2350  3106  INBOUND                         1         0.016          0.610      0.020           0.03           0.00
  MCL  2351  3106  INBOUND                         8         0.930         60.730      1.470           7.00           0.00
  MCL  3106  2350  OUTBOUND-CREDIT-TNIC          358       119.046        654.460     31.060        -373.76           0.00
  MCL  3106  2351  OUTBOUND-CREDIT-TNIC           12         1.957        139.670     14.080         -47.77           0.00
  MYS  3106  5021  OUTBOUND-CREDIT                24         0.190         24.120      0.610          -3.60           0.00
  PHP  3106  5151  OUTBOUND-CREDIT-TNIC            7         0.423          1.540      3.390         -23.22           0.00
  SGP  3106  5252  OUTBOUND-CREDIT                12         0.157         46.310      0.770          -3.48           0.00
  SGP  3106  5252  OUTBOUND-CREDIT-TNIC         4804      1302.209     35,495.630    719.440      -7,581.00           0.00
  TLX  3106  4873  OUTBOUND-CREDIT                 7         0.216         34.330      0.750          -3.27           0.00
  TNT  3106  3110  OUTBOUND-CREDIT-TNIC         1154       334.622     36,153.220  1,164.100      -3,731.75           0.00
  TYM  0009  3106  INBOUND                         1         0.027          0.150      0.030           0.00           0.00
  TYM  3106  0009  OUTBOUND-CREDIT                 8         0.089          0.440      0.000           0.00           0.00
  UAE  3106  4243  OUTBOUND-CREDIT-TNIC          121        12.413         70.460      2.660        -106.18           0.00
  UAE  4243  3106  INBOUND                       787        90.125     11,431.360    277.220       1,894.93           0.00
  UAE  4243  3106  INBOUND-NB                      1         0.012          1.770      0.080           0.00           0.29
  UAE  4243  3106  INBOUND-TNIC                 1330       338.019     17,901.570    366.100       3,361.24           0.00
  ZAF  3106  6550  OUTBOUND-CREDIT-TNIC          225        38.983     11,138.290    190.080      -1,353.78           0.00
  ZAF  6550  3106  INBOUND                         2         0.464         59.180      1.350           3.58           0.00
  ZAF  6550  3106  INBOUND-TNIC                    1         0.095         28.610      0.830           1.83           0.00
  ZIM  6482  3106  INBOUND-TNIC                   51         3.907        396.010      6.770           0.00           0.00
  DATA MANAGEMENT CO                                                                                             PAGE    1
  JAMAICA                                                                                                        PAGE    1
  TRINIDAD                                                                                                       PAGE    1
  BARBADOS                                                                                                       PAGE    1
  CAYMAN ISLANDS                                                                                                 PAGE    1
  PHILIPPINES GLOBAL COMM. INC.                                                                                  PAGE    1
  PHILIPPINES                                                                                                    PAGE    1
  COSTA RICA                                                                                                     PAGE    1
  COSTA RICA                                                                                                     PAGE    1
  @*