  ARG  3106  7222  OUTBOUND-CREDIT                24         1.547        249.110      4.300         -35.09           0.00
  ARG  7222  3106  INBOUND                      6550       555.213     99,339.560  2,103.410       5,317.25           0.00
  ARG  7222  3106  INBOUND-NB                     12         0.869        212.370      4.240           0.00          10.23
  AUS  3106  5053  OUTBOUND                        3         0.496         43.080      0.940           1.43           0.00
  AUS  3106  5053  OUTBOUND-CREDIT                 5         0.322         17.570      6.720         -21.14           0.00
  AUS  5052  3106  INBOUND                      1918       178.354     33,312.030    741.700         920.05           0.00
  AUS  5053  3106  INBOUND                      1177       101.837     20,143.590    402.960         504.80           0.00
  BHR  3106  4263  OUTBOUND-NB                   144         0.939          0.000      7.770           0.00           2.34
  BHR  3106  4263  OUTBOUND-CREDIT                40         2.711        193.890      4.830         -93.04           0.00
  BHR  4263  3106  INBOUND                      2081       251.871     26,101.180    665.810       3,892.24           0.00
  BHR  4263  3106  INBOUND-NB                    139         9.825      1,168.510     32.540           0.00         170.62
  BMU  3106  3503  OUTBOUND                        1         0.053         11.000      0.180           1.20           0.00
  BMU  3106  3503  OUTBOUND-NB                    27         0.177          0.000      2.470           0.00           0.35
  BMU  3106  3503  OUTBOUND-CREDIT                19         2.001         74.020    114.030         -34.21           0.00
  BMU  3503  3106  INBOUND                       728       341.684      8,268.600    231.310       1,510.22           0.00
  BMU  3503  3106  INBOUND-NB                     27        14.216        623.430     15.690           0.00          90.77
  BUL  2841  3106  INBOUND                         1         0.069         28.500      0.470           0.45           0.00
  CHL  3106  7303  OUTBOUND-CREDIT                29         1.528      1,142.150     18.030        -117.36           0.00
  CHL  3106  7305  OUTBOUND                       71        38.670      4,086.900    142.740         362.82           0.00
  CHL  7303  3106  INBOUND                       331        54.401      6,050.140    126.830         362.47           0.00
  CHN  4602  3106  INBOUND                        13         0.806         59.890      1.580          11.40           0.00
  CHN  4602  3106  INBOUND-TNIC                   10         0.255         18.960      0.500           3.61           0.00
  COL  3106  7322  OUTBOUND                        6         1.041         36.930      5.970           7.01           0.00
  COL  3106  7322  OUTBOUND-CREDIT               125         3.901      1,471.590     23.220         -81.37           0.00
  COL  7322  3106  INBOUND                      1303       230.764     28,004.700    560.970         791.73           0.00
  COL  7322  3106  INBOUND-NB                      4         0.214         81.220      1.530           0.00           1.74
  COL  7322  3106  INBOUND-TNIC                  113         8.751      1,539.890     31.300          40.05           0.00
  CPS  3106  3132  OUTBOUND                        1         0.000          0.000      0.000           0.00           0.00
  CZE  2301  3106  INBOUND                        46         1.207        143.960      4.840           5.02           0.00
  DPC  3106  3020  OUTBOUND-CREDIT               368       108.216      6,838.820    154.470        -863.33           0.00
  DPC  3106  3025  OUTBOUND-NB                     1         0.003          0.000      0.000           0.00           0.00
  DPC  3106  3025  OUTBOUND-CREDIT                13         0.133          1.570      0.030          -0.47           0.00
  HUN  2161  3106  INBOUND-TNIC                    2         0.294         21.460      0.560           1.71           0.00
  HUN  3106  2160  OUTBOUND-CREDIT-TNIC            1         0.001          0.070      0.000          -0.01           0.00
  IND  3106  4042  OUTBOUND-NB                     5         0.224         50.500      1.020           0.00           1.24
  IND  3106  4042  OUTBOUND-CREDIT               237         0.290         34.000      0.500          -2.37           0.00
  IND  4042  3106  INBOUND                      3631       426.141     47,351.620  1,377.460       1,803.61           0.00
  IND  4042  3106  INBOUND-NB                     27         1.062        282.580      5.540           0.00           6.60
  IRL  2724  3106  INBOUND                      3198       223.576     38,388.140    761.930         985.51           0.00
  IRL  2724  3106  INBOUND-NB                      1         0.018          2.640      0.080           0.00           0.10
  IRL  3106  2724  OUTBOUND                       37        14.172      1,781.760     95.810         109.98           0.00
  IRL  3106  2724  OUTBOUND-CREDIT               402        49.944      5,860.360    100.760        -452.13           0.00
  ISR  3106  4251  OUTBOUND-CREDIT                 3         0.009          2.590      0.040          -0.27           0.00
  ISR  3106  4251  OUTBOUND-TNIC                   1         0.038          1.170      0.060           0.16           0.00
  JPN  3106  4401  OUTBOUND                       27         3.124          5.260      0.260           4.99           0.00
  JPN  3106  4401  OUTBOUND-CREDIT               206        31.358      1,541.880     27.240        -259.31           0.00
  JPN  3106  4408  OUTBOUND                       15         1.842        835.930     19.090          30.87           0.00
  JPN  3106  4408  OUTBOUND-CREDIT                49         7.613      5,724.370     90.180        -432.74           0.00
  JPN  4410  3106  INBOUND                       267        58.973      8,379.260    156.100         317.23           0.00
  KOR  4500  3106  INBOUND                      1353        53.822      9,034.660    186.890         240.72           0.00
  MAN  3106  5156  OUTBOUND-NB                    68         0.048          0.000      0.360           0.00           0.84
  MAN  3106  5156  OUTBOUND-CREDIT                14         0.004          0.000      0.110          -0.68           0.00
  MAN  5156  3106  INBOUND                       182        20.794      2,031.850     50.710         148.20           0.00
  MAN  5156  3106  INBOUND-NB                     56         3.388        257.080      6.400           0.00          20.42
  MCL  2350  3106  INBOUND                         9         0.041          0.210      0.000           0.03           0.00
  MCL  3106  2350  OUTBOUND-NB                     1         0.036          0.340      0.000           0.00           0.03
  MCL  3106  2350  OUTBOUND-CREDIT-TNIC            1         0.007          0.140      0.000          -0.03           0.00
  MCL  3106  2351  OUTBOUND-CREDIT-TNIC            1         0.008          0.110      0.000          -0.06           0.00
  MNR  3106  5152  OUTBOUND                      213        23.163      3,901.490    844.810       1,410.46           0.00
  MNR  5152  3106  INBOUND                      2030       107.162      9,245.530    264.560         603.96           0.00
  MYS  3106  5021  OUTBOUND                      137         8.293        703.210     12.900          31.79           0.00
  MYS  3106  5021  OUTBOUND-CREDIT                62         5.968        279.540      5.280         -50.65           0.00
  MYS  5021  3106  INBOUND                       722       236.279     34,689.390    729.570       1,448.75           0.00
  MYS  5021  3106  INBOUND-NB                      4         0.296         66.660      1.250           0.00           2.33
  NZL  3106  5301  OUTBOUND-CREDIT                 1         0.003          0.920      0.010          -0.06           0.00
  PER  3106  7160  OUTBOUND-CREDIT                68       321.054     26,293.620    485.580     -12,268.01           0.00
  PER  7160  3106  INBOUND                      1899       305.394     45,885.540    917.670       6,499.10           0.00
  RCA  3106  3113  OUTBOUND                       12         0.047          0.620      0.000           0.11           0.00
  SAU  3106  4201  OUTBOUND                       11         0.056          1.460      0.020           0.38           0.00
  SAU  3106  4201  OUTBOUND-TNIC                   1         0.052          0.170      0.000           0.18           0.00
  SEN  6081  3106  INBOUND-TNIC                   28         1.060        168.600      4.290           8.70           0.00
  SGP  3106  5252  OUTBOUND-CREDIT                31       155.176      4,826.680    175.220      -1,239.00           0.00
  SGP  3106  5252  OUTBOUND-CREDIT-TNIC           12        53.428      1,015.150     37.150        -339.68           0.00
  TAI  3106  4877  OUTBOUND                       94         0.891        341.150      9.330          20.13           0.00
  TAI  3106  4877  OUTBOUND-CREDIT                30         0.584        243.170      6.550         -42.21           0.00
  TAI  4877  3106  INBOUND                       231        25.887      7,369.180    145.210         337.05           0.00
  TCI  3106  3763  OUTBOUND-CREDIT                14         0.001          0.000      0.000          -0.01           0.00
  TCI  3763  3106  INBOUND-NB                    348         1.439         25.350      0.380           0.00           5.41
  TLX  3106  4873  OUTBOUND                     1384         3.577        355.880      9.190          25.12           0.00
  TLX  3106  4873  OUTBOUND-CREDIT               970         3.755        335.810      8.740         -73.84           0.00
  TLX  4873  3106  INBOUND                       147        14.643      4,259.900     94.830         215.65           0.00
  TNT  3106  3110  OUTBOUND                       19         2.304        496.760     17.710          22.49           0.00
  TNT  3106  3110  OUTBOUND-CREDIT                25         3.775        269.200     11.670         -51.72           0.00
  TNT  3106  3110  OUTBOUND-CREDIT-TNIC           16         0.187         15.500      0.400          -2.79           0.00
  TNT  3110  3106  INBOUND                        10         0.013          0.080      0.000           0.02           0.00
  TUN  6050  3106  INBOUND-TNIC                   10         0.457         46.100      0.960           0.00           0.00
  TUR  2863  3106  INBOUND                      3166       185.906     22,979.470    493.220         563.51           0.00
  TUR  2863  3106  INBOUND-NB                      3         0.150         13.640      0.340           0.00           0.40
  TUR  3106  2863  OUTBOUND-CREDIT               182         3.895      2,043.630     31.660         -88.53           0.00
  TYM  0009  3106  INBOUND                         1         0.000          0.000      0.000           0.00           0.00
  URG  7482  3106  INBOUND                        14         0.169         16.160      0.470           1.19           0.00
  WAG  3149  3106  INBOUND                        13         0.049          0.190      0.000           0.10           0.00
  WUI  3104  3106  INBOUND                      5935      1030.544     44,887.930    879.910       3,676.75           0.00
  WUI  3104  3106  INBOUND-NB                     15         0.242         18.850      0.470           0.00           1.16
  WUI  3106  3104  OUTBOUND                     4256      1153.209    105,219.250  3,018.830       6,094.11           0.00
  WUI  3106  3104  OUTBOUND-NB                   576         6.501          0.530     43.740           0.00          13.02
  WUI  3106  3104  OUTBOUND-CREDIT             13024       282.592     83,271.710  1,303.840     -10,688.01           0.00
  ARG  3106  7222  OUTBOUND-NB                    15         0.038          0.000      0.460           0.00           0.09
  ARG  3106  7222  OUTBOUND-CREDIT                11         0.001          0.000      0.000          -0.01           0.00
  ARG  7220  3106  INBOUND                       677       241.887     12,736.870    911.600       2,196.80           0.00
  ARG  7222  3106  INBOUND                       214        27.613      3,074.850     70.130         453.38           0.00
  ARG  7222  3106  INBOUND-NB                      6         1.457         19.690      0.490           0.00           6.10
  ATG  3106  3443  OUTBOUND-NB                   131         0.770          0.000      9.590           0.00           1.54
  ATG  3106  3443  OUTBOUND-CREDIT                20         0.003          0.000      0.000          -0.01           0.00
  ATG  3443  3106  INBOUND                       400        14.921      2,282.550     57.130         212.43           0.00
  AUS  5052  3106  INBOUND                       359        34.439      4,001.050    103.340         137.78           0.00
  AUS  5053  3106  INBOUND                       195        19.607      4,387.640     88.640         108.24           0.00
  BHR  3106  4263  OUTBOUND-NB                   126         0.898          0.000      7.270           0.00           2.24
  BHR  3106  4263  OUTBOUND-CREDIT                44         4.531        775.380     19.390        -324.75           0.00
  BHR  4263  3106  INBOUND                      2429       287.588     28,799.490    753.640       4,318.81           0.00
  BHR  4263  3106  INBOUND-NB                    121        16.803      5,225.860    131.740           0.00         695.23
  BLZ  7020  3106  INBOUND                       252        43.131     12,781.110    261.970         343.23           0.00
  BMU  3106  3503  OUTBOUND-CREDIT                 1         1.842         46.830      1.710         -25.10           0.00
  BMU  3503  3106  INBOUND                        35         5.249        453.390     10.780          55.83           0.00
  BRA  3106  7241  OUTBOUND-CREDIT                 1         0.015          4.630      0.110          -1.85           0.00
  BRA  7241  3106  INBOUND                         3         0.247         23.100      0.600           3.50           0.00
  BRA  7249  3106  INBOUND                         1         0.018          1.550      0.040           0.23           0.00
  BVI  3106  3483  OUTBOUND-CREDIT                 4         0.000          0.000      0.000           0.00           0.00
  BVI  3483  3106  INBOUND                        11         4.157        546.250     12.000          71.84           0.00
  BVI  3483  3106  INBOUND-NB                    187         0.844         17.250      0.360           0.00           4.04
  CHN  4602  3106  INBOUND                      2413       265.122     18,983.070    633.100       3,642.77           0.00
  COL  7322  3106  INBOUND                      1169       212.694     14,604.230    315.730       1,040.93           0.00
  COL  7322  3106  INBOUND-NB                      4         0.494         70.970      1.360           0.00           3.65
  CSC  3106  3137  OUTBOUND                        1         0.009          0.130      0.000           0.02           0.00
  DAM  4150  3106  INBOUND-TNIC                    6         0.159         25.240      0.770           2.68           0.00
  DMR  3106  3700  OUTBOUND-CREDIT                16         0.002          0.000      0.000          -0.01           0.00
  DMR  3700  3106  INBOUND                       371        65.558     19,315.120    482.700       2,336.83           0.00
  DMR  3700  3106  INBOUND-NB                     29         1.437         81.200      2.010           0.00          12.72
  DOM  3101  3106  INBOUND                      1029        30.555      1,639.550     40.710         120.08           0.00
  DOM  3101  3106  INBOUND-NB                      1         0.099         33.230      0.580           0.00           1.39
  DOM  3106  3101  OUTBOUND                        1         0.181          6.200      0.140           0.58           0.00
  DPC  3025  3106  INBOUND                        19         0.391         17.440      0.670           0.46           0.00
  DPC  3028  3106  INBOUND                       515        94.663     17,542.730    397.030         269.29           0.00
  DPC  3106  3020  OUTBOUND-CREDIT                83        16.341      1,265.010     27.990         -77.30           0.00
  EGY  6020  3106  INBOUND                         1         0.081          9.560      0.280           1.12           0.00
  EGY  6020  3106  INBOUND-TNIC                   25         2.952        311.550      7.080          37.06           0.00
  GRA  3106  3118  OUTBOUND-CREDIT              1798        90.017     13,825.450    245.320        -405.03           0.00
  HKG  4542  3106  INBOUND                      3827       356.317     73,025.190  1,393.040       3,587.65           0.00
  HKG  4546  3106  INBOUND                         7         0.038          1.960      0.110           0.32           0.00
  IDN  3106  5101  OUTBOUND-CREDIT                37         1.546        103.170      2.470         -24.10           0.00
  IDN  5101  3106  INBOUND                      3208       407.193     34,180.070  1,058.670       2,931.74           0.00
  IDN  5101  3106  INBOUND-NB                     35         1.520        244.510      8.260           0.00          19.57
  ISR  4251  3106  INBOUND                      6585       515.870     68,392.350  1,710.500       4,452.74           0.00
  ITT  3103  3106  INBOUND                       299        37.028        650.690     16.130          97.46           0.00
  ITT  3106  3103  OUTBOUND-CREDIT               103         0.876         10.290      0.130          -6.36           0.00
  ITT  3106  3107  OUTBOUND-NB                    69         0.793          0.000     11.590           0.00           1.58
  ITT  3106  3107  OUTBOUND-CREDIT                28         0.003          0.000      0.020          -0.01           0.00
  ITT  3107  3106  INBOUND                       178        36.727        702.350     17.470          98.73           0.00
  JAM  3380  3106 UND                      5439       481.401     32,789.470    745.990       1,380.58           0.00
  JPN  3106  4401  OUTBOUND                        1         0.315         52.330      1.960           3.36           0.00
  JPN  3106  4401  OUTBOUND-CREDIT               165        42.825      1,135.630     20.240        -279.08           0.00
  JPN  3106  4408  OUTBOUND-CREDIT                33        14.139      2,785.420     46.760        -269.49           0.00
  JPN  4401  3106  INBOUND                       234        14.906        833.300     21.350          53.46           0.00
  JPN  4408  3106  INBOUND                      3257       442.171     42,208.510    856.530       1,915.42           0.00
  KOR  4501  3106  INBOUND                         3         0.522         83.330      1.690           7.71           0.00
  MNI  3106  5154  OUTBOUND-NB                    70         2.194          0.000      6.030           0.00           6.58
  MNI  3106  5154  OUTBOUND-CREDIT                64         0.096         38.570      0.960         -18.22           0.00
  MNI  5154  3106  INBOUND                      2680       465.077     53,209.220  1,304.130       9,376.55           0.00
  MNI  5154  3106  INBOUND-NB                    191        26.270      2,325.810     58.000           0.00         427.67
  MYS  3106  5021  OUTBOUND-CREDIT                33         2.733        426.020      7.830         -47.54           0.00
  NAN  3620  3106  INBOUND                         2         0.041          0.960      0.040           0.17           0.00
  NAN  3620  3106  INBOUND-NB                      3         0.086         22.770      0.490           0.00           2.45
  NYX  3106  3144  OUTBOUND-CREDIT               256         5.799        114.130      3.220         -47.10           0.00
  NZL  5301  3106  INBOUND                      3554       384.284     66,573.870  1,491.510       1,875.79           0.00
  NZL  5301  3106  INBOUND-NB                      2         0.023         15.820      0.310           0.00           0.34
  PRI  3106  3300  OUTBOUND-NB                    80         1.169        216.080      4.290           0.00          27.23
  PRI  3106  3300  OUTBOUND-CREDIT                28         0.152        177.040      4.410         -60.89           0.00
  PRI  3300  3106  INBOUND                        82        10.969      1,855.680     45.960         236.18           0.00
  QAT  4271  3106  INBOUND                        37         5.063        464.900     11.760          34.91           0.00
  SEN  6081  3106  INBOUND-TNIC                   54         1.554        194.930      5.540          14.20           0.00
  SGP  5252  3106  INBOUND                         4         0.302         64.230      1.480           2.23           0.00
  SMA  2922  3106  INBOUND-TNIC                    1         0.005          1.030      0.030           0.00           0.00
  TAI  3106  4877  OUTBOUND-CREDIT                19         0.353        152.310      3.890         -71.72           0.00
  TAI  4877  3106  INBOUND                      2216       200.872     47,052.610    937.330       7,660.45           0.00
  TAI  4877  3106  INBOUND-NB                      1         0.056          4.600      0.110           0.00           0.86
  TCI  3106  3763  OUTBOUND-CREDIT                 1         0.000          0.000      0.000           0.00           0.00
  TCI  3763  3106  INBOUND-NB                     51         0.206          3.820      0.060           0.00           0.31
  TLX  3106  4872  OUTBOUND-CREDIT               101        17.852      2,237.280     34.170      -1,167.44           0.00
  TLX  3106  4873  OUTBOUND-CREDIT               503         2.378        396.740      8.290        -199.91           0.00
  TLX  4872  3106  INBOUND                      1142       145.888     12,669.220    277.100       2,338.02           0.00
  TLX  4873  3106  INBOUND                      2225       254.291     56,868.950  1,243.500       9,293.15           0.00
  URG  7482  3106  INBOUND                       665        73.272     13,234.890    292.810         721.15           0.00
  URG  7482  3106  INBOUND-NB                     15         1.131        367.030      6.570           0.00          15.18
  ZAF  3106  6550  OUTBOUND-CREDIT                20         0.264         47.750      1.100          -8.09           0.00
  ZAF  6550  3106  INBOUND                      1698       260.807     26,431.050    663.670       1,821.13           0.00
  BHR  3106  4263  OUTBOUND-NB                    55         1.473          0.000      2.900           0.00           3.68
  BHR  3106  4263  OUTBOUND-CREDIT                44         3.205        157.420      3.920         -83.07           0.00
  BHR  4263  3106  INBOUND                        91         4.723        670.140     11.540          95.57           0.00
  BMU  3106  3503  OUTBOUND-CREDIT                 8         0.069         87.570      1.430         -26.68           0.00
  BMU  3503  3106  INBOUND                        28         2.442        471.700      9.570          52.05           0.00
  CHL  3106  7302  OUTBOUND-CREDIT               158         4.452        753.100     14.700        -315.80           0.00
  CHL  3106  7305  OUTBOUND-CREDIT                 1         0.173          1.050      0.020          -1.69           0.00
  CHL  7302  3106  INBOUND                         4         0.201         12.710      0.310           2.09           0.00
  CHL  7303  3106  INBOUND                       416        68.676      8,869.560    187.110       1,280.37           0.00
  CHL  7305  3106  INBOUND                        17         2.568        229.090      7.780          35.05           0.00
  CRI  7122  3106  INBOUND                         1         0.007          0.010      0.000           0.01           0.00
  CRI  7129  3106  INBOUND                        83         4.716        435.900     12.680          19.57           0.00
  CSC  3137  3106  INBOUND                         2         0.006          0.570      0.020           0.03           0.00
  DPC  3106  3020  OUTBOUND-CREDIT                37         6.230        343.710      8.270         -24.59           0.00
  DPC  3106  3025  OUTBOUND-CREDIT                 2         0.040          0.200      0.000          -0.08           0.00
  DPC  3106  3028  OUTBOUND-NB                     1         0.047          0.180      0.000           0.00           0.03
  HKG  3106  4542  OUTBOUND-CREDIT                40         0.436         56.810      1.640         -12.80           0.00
  HKG  4542  3106  INBOUND                      2636       246.769     49,552.700    969.620       2,494.37           0.00
  HKG  4544  3106  INBOUND                         2         0.001          0.000      0.000           0.00           0.00
  HKG  4545  3106  INBOUND                         2         0.094         10.150      0.360           0.93           0.00
  IND  3106  4042  OUTBOUND-CREDIT-TNIC           15         1.698        138.100     12.720         -43.27           0.00
  JPN  3106  4401  OUTBOUND-CREDIT               229        30.960      1,360.880     26.620        -254.81           0.00
  JPN  3106  4408  OUTBOUND-CREDIT                42        22.950      4,514.920     80.190        -456.40           0.00
  JPN  4401  3106  INBOUND                       261        26.231      1,498.210     52.570         116.22           0.00
  JPN  4408  3106  INBOUND                      5519       619.643     68,413.790  1,447.170       3,048.27           0.00
  MAN  5156  3106  INBOUND                      1636       129.276     19,651.520    448.270       1,187.36           0.00
  MAN  5156  3106  INBOUND-NB                      2         0.083         15.400      0.440           0.00           1.07
  MNR  3106  5152  OUTBOUND-NB                   265         2.519          0.160     16.180           0.00          30.39
  MNR  3106  5152  OUTBOUND-CREDIT              1473       139.729          0.100     62.600        -986.28           0.00
  MNR  5152  3106  INBOUND                      4030       517.515     26,293.230    619.850       1,848.05           0.00
  MNR  5152  3106  INBOUND-NB                     48         5.954      1,039.340     25.950           0.00          51.85
  MYS  3106  5021  OUTBOUND-CREDIT                37         2.805        189.260      3.500         -28.37           0.00
  NAN  3106  3620  OUTBOUND-NB                    67         1.050          0.000      3.470           0.00           2.62
  NAN  3106  3620  OUTBOUND-CREDIT                12         0.002          0.000      0.000          -0.01           0.00
  NAN  3620  3106  INBOUND                       677       749.295     10,076.990    252.140       3,006.87           0.00
  NAN  3620  3106  INBOUND-NB                      8         2.122        374.270      7.330           0.00          47.41
  PHP  5151  3106  INBOUND-TNIC                    7         0.573         22.460      0.570           2.44           0.00
  RCA  3106  3113  OUTBOUND-NB                   166         1.371         10.550     12.290           0.00           3.12
  RCA  3106  3113  OUTBOUND-CREDIT                65         0.221          1.200      0.060          -1.45           0.00
  RCA  3106  3113  OUTBOUND-CREDIT-TNIC           52         2.994        243.170     32.140         -44.22           0.00
  RCA  3113  3106  INBOUND                        37         1.552         46.440      1.460           4.77           0.00
  RCA  3113  3106  INBOUND-NB                     14         2.550         30.400      0.770           0.00           6.19
  SAU  3106  4201  OUTBOUND-CREDIT                13         2.133         32.220      1.610         -33.69           0.00
  SAU  3106  4201  OUTBOUND-CREDIT-TNIC            2         0.080          2.900      0.260          -2.02           0.00
  SAU  4201  3106  INBOUND                       132         8.999      2,382.820     43.510         384.41           0.00
  SGP  3106  5252  OUTBOUND-CREDIT                 3         0.013         12.970      0.220          -0.90           0.00
  SGP  5252  3106  INBOUND                      6128       931.026     75,756.490  1,960.100       3,613.67           0.00
  TAI  3106  4877  OUTBOUND-CREDIT                18         0.367        103.350      3.110         -49.81           0.00
  TAI  4877  3106  INBOUND                      1043        73.046     15,615.350    544.900       2,561.41           0.00
  TCI  3763  3106  INBOUND-NB                     51         0.208          3.970      0.060           0.00           0.32
  THA  5201  3106  INBOUND                      4249       538.672     81,263.430  1,774.390       7,578.24           0.00
  THA  5201  3106  INBOUND-NB                      6         0.361         29.630      0.640           0.00           3.09
  TLX  3106  4873  OUTBOUND-CREDIT               491         2.317        271.850      6.370        -143.17           0.00
  TLX  4872  3106  INBOUND                        95         7.523      1,474.740     38.670         243.78           0.00
  TLX  4872  3106  INBOUND-TNIC                    6         0.409        116.010      2.040          18.62           0.00
  TLX  4873  3106  INBOUND                         9         0.383        116.650      2.930          18.64           0.00
  TLX  4873  3106  INBOUND-TNIC                    2         0.123         19.710      0.560           3.32           0.00
  TNT  3106  3110  OUTBOUND-CREDIT                25         5.714        699.680     31.740        -109.85           0.00
  UAE  4243  3106  INBOUND                         1         0.118         22.740      0.640           1.53           0.00
  WUI  3104  3106  INBOUND                        99        30.468        975.900     16.460          96.06           0.00
  ZAF  3106  6550  OUTBOUND-CREDIT-TNIC           49         1.268        161.970      5.150         -37.95           0.00
  ANG  6315  3106  INBOUND                        65         5.079        377.570     11.970          27.70           0.00
  ARG  7222  3106  INBOUND                        16         6.033      1,848.490     35.860          83.80           0.00
  AUS  5052  3106  INBOUND                       507        43.695      6,409.880    143.050         186.74           0.00
  AUS  5053  3106  INBOUND                       323        27.261      3,926.220     85.750         113.01           0.00
  AUS  5053  3106  INBOUND-NB                      1         0.017          7.880      0.170           0.00           0.18
  BHR  3106  4263  OUTBOUND-NB                    16         0.073          0.000      0.760           0.00           0.18
  BHR  3106  4263  OUTBOUND-CREDIT                23         4.435        597.410     14.920        -257.29           0.00
  BHR  4263  3106  INBOUND                      2179       260.294     26,244.960    693.420       3,931.27           0.00
  BHR  4263  3106  INBOUND-NB                    139        20.326      2,226.280     61.070           0.00         329.09
  BHS  3640  3106  INBOUND                       827       566.814     11,572.530    287.550       2,290.88           0.00
  BHS  3640  3106  INBOUND-NB                   5262        61.868     22,307.920    554.820           0.00       2,354.52
  BMU  3106  3503  OUTBOUND-NB                    25         0.183          0.000      2.320           0.00           0.36
  BMU  3106  3503  OUTBOUND-CREDIT                21         2.563        111.590    136.330         -48.86           0.00
  BMU  3503  3106  INBOUND                       105        12.808      1,516.390     42.170         177.25           0.00
  BMU  3503  3106  INBOUND-NB                      2         0.068          1.580      0.030           0.00           0.29
  BRB  3423  3106  INBOUND                        28         0.964         37.230      6.000           5.65           0.00
  BUL  2841  3106  INBOUND                        22         2.723      1,151.900     19.110          18.12           0.00
  BUL  2841  3106  INBOUND-NB                     33         3.502      1,213.320     20.940           0.00          20.28
  BUL  2841  3106  INBOUND-TNIC                   39         2.034        439.090      7.900           8.24           0.00
  CAM  6242  3106  INBOUND                        28         1.909        526.440      8.570          17.02           0.00
  CAM  6242  3106  INBOUND-TNIC                    7         0.271         22.650      1.550           2.97           0.00
  CAY  3463  3106  INBOUND                       131        11.435      1,197.630     26.700         142.63           0.00
  CHD  6222  3106  INBOUND                        22         0.950        171.090      3.030           6.47           0.00
  COL  7322  3106  INBOUND                      1395       267.046     33,305.980    658.950         926.00           0.00
  COL  7322  3106  INBOUND-TNIC                  194        27.650      3,239.490     64.100          91.75           0.00
  CPS  3132  3106  INBOUND                        28         1.392        479.250      8.470          20.03           0.00
  CRI  7129  3106  INBOUND                        10         0.259         22.000      0.580           0.94           0.00
  CRI  7129  3106  INBOUND-NB                      1         0.508         63.730      1.110           0.00           1.82
  CSC  3106  3137  OUTBOUND-CREDIT                37         2.189        142.300      3.120         -28.50           0.00
  CZE  2301  3106  INBOUND                       106         5.527        883.920     25.680          25.89           0.00
  CZE  2301  3106  INBOUND-TNIC                   38         1.233        150.610      4.400           4.68           0.00
  DPC  3106  3028  OUTBOUND-CREDIT               195         0.692        221.520      3.850         -16.26           0.00
  EGY  6020  3106  INBOUND                      1649       294.151     31,676.090    890.410       3,755.91           0.00
  FTC  3124  3106  INBOUND                       134      1028.898     12,671.020    362.730       2,513.94           0.00
  GTM  7044  3106  INBOUND                       299        11.657      1,011.080     25.120         124.42           0.00
  GTM  7044  3106  INBOUND-NB                      8         0.564         84.120      2.100           0.00           9.54
  HUN  2161  3106  INBOUND                        78         5.712        531.650     14.500          40.42           0.00
  HUN  2161  3106  INBOUND-NB                      2         0.173         24.040      0.480           0.00           1.30
  HUN  2161  3106  INBOUND-TNIC                  279        19.658      3,492.470     70.920         181.17           0.00
  JAM  3106  3380  OUTBOUND-NB                   195         2.921          0.000      9.390           0.00           5.84
  JAM  3106  3380  OUTBOUND-CREDIT                60         0.004          0.000      0.000          -0.02           0.00
  JAM  3380  3106  INBOUND                      1197       226.458     19,491.630    533.830       2,402.08           0.00
  JAM  3380  3106  INBOUND-NB                   6463        67.164      9,189.610    226.150           0.00       1,053.29
  JAM  3382  3106  INBOUND                         3         0.216         50.780      0.750           5.51           0.00
  JPN  3106  4401  OUTBOUND-CREDIT               381        57.459      2,274.530     41.510        -437.92           0.00
  JPN  3106  4408  OUTBOUND-CREDIT                67       119.634      4,456.640    100.800        -975.41           0.00
  JPN  4401  3106  INBOUND                         2         0.021          1.320      0.050           0.11           0.00
  JPN  4408  3106  INBOUND                      1464       198.367     38,738.080    789.170       1,456.54           0.00
  MCL  2350  3106  INBOUND                       483        78.178     11,955.330    215.110         243.41           0.00
  MCL  2350  3106  INBOUND-NB                     23         0.185          9.470      0.880           0.00           0.88
  MCL  2351  3106  INBOUND                      1136       419.858     24,237.910    867.090       2,843.64           0.00
  MOZ  6435  3106  INBOUND                         4         0.173          1.490      0.090           0.00           0.00
  MYS  3106  5021  OUTBOUND-CREDIT                53         5.574        279.790      5.050         -47.84           0.00
  NAN  3620  3106  INBOUND                      1305      2685.374      5,493.560    136.660       5,920.10           0.00
  PAN  3106  7141  OUTBOUND-NB                   138         0.919          0.000      7.150           0.00           1.80
  PAN  3106  7141  OUTBOUND-CREDIT               358        15.024      1,682.430     28.690        -593.50           0.00
  PAN  7141  3106  INBOUND                      5123       886.772     56,264.530  1,220.460       7,373.14           0.00
  PAN  7141  3106  INBOUND-NB                     19         3.975      2,820.170     70.380           0.00         289.84
  PAN  7142  3106  INBOUND                       176        34.886      3,788.480     94.620         448.62           0.00
  PHP  5151  3106  INBOUND                       743        52.593      6,924.000    157.290         432.89           0.00
  PHP  5151  3106  INBOUND-TNIC                    3         0.150         98.420      1.570           3.48           0.00
  RCA  3106  3136  OUTBOUND-CREDIT               194         8.744        882.420     21.440        -147.75           0.00
  SEN  6081  3106  INBOUND-TNIC                   54         2.325        441.340     10.640          21.07           0.00
  SGP  3106  5252  OUTBOUND-CREDIT               616       198.711      4,520.300    117.550      -1,185.96           0.00
  SGP  3106  5252  OUTBOUND-CREDIT-TNIC            1         0.004          1.900      0.030          -0.15           0.00
  SGP  5252  3106  INBOUND                      6265      1382.266     75,342.230  1,758.910       3,926.24           0.00
  SRI  4132  3106  INBOUND                       134         1.207        223.320      6.020           9.03           0.00
  SRI  4132  3106  INBOUND-TNIC                  564        42.221      6,591.820    148.650         238.57           0.00
  TAI  3106  4877  OUTBOUND-CREDIT                37         0.725        282.590      7.560        -133.69           0.00
  TAI  4877  3106  INBOUND-TNIC                    2         0.008          0.460      0.020           0.09           0.00
  TCI  3763  3106  INBOUND-NB                     50         0.198          3.680      0.050           0.00           0.00
  TLX  3106  4873  OUTBOUND-CREDIT              1001         7.510      1,712.310     31.200        -838.09           0.00
  TLX  3106  8000  OUTBOUND                        1         0.005          0.100      0.010           0.01           0.00
  TLX  3106  8001  OUTBOUND                        3         0.016          0.310      0.020           0.04           0.00
  TLX  3106  8010  OUTBOUND                      607        12.942        690.720     16.680          50.72           0.00
  TLX  3106  8020  OUTBOUND                      123         1.421        114.120      2.610           6.94           0.00
  TLX  3106  8030  OUTBOUND                        5         0.073          2.810      0.080           0.24           0.00
  TLX  3106  8231  OUTBOUND                     5603       193.457      4,699.100    289.420         555.81           0.00
  TLX  3106  8231  OUTBOUND-NB                     3         0.013          0.000      0.000           0.00           0.02
  TLX  4872  3106  INBOUND                        26         2.364        148.670      4.320          29.39           0.00
  TLX  4872  3106  INBOUND-TNIC                   99        14.859      1,196.080     26.260         223.98           0.00
  TLX  4873  3106  INBOUND                        10         0.480        100.370      2.640          16.49           0.00
  TLX  4873  3106  INBOUND-TNIC                    5         0.642        136.630      2.820          22.42           0.00
  TNT  3106  3110  OUTBOUND-CREDIT                35         5.251        292.930     12.660         -63.14           0.00
  TRT  3106  3119  OUTBOUND                      988        12.592      4,211.290    119.380         176.73           0.00
  TRT  3106  3119  OUTBOUND-NB                    91         8.791         17.920     19.070           0.00          18.22
  TRT  3106  3119  OUTBOUND-CREDIT               964       421.304     33,024.730    649.850      -6,094.42           0.00
  TRT  3119  3106  INBOUND                       187       420.991     11,239.670    263.990       1,246.60           0.00
  TRT  3119  3106  INBOUND-NB                      2         0.039         13.590      0.300           0.00           0.56
  TRT  3119  3106  INBOUND-TNIC                    4         0.112          4.520      0.160           0.38           0.00
  TTO  3106  3740  OUTBOUND-NB                    65         0.437          0.000      2.180           0.00           5.23
  TTO  3106  3740  OUTBOUND-CREDIT               112         3.426        453.110     34.330        -226.57           0.00
  TTO  3740  3106  INBOUND                       439       352.187        846.460     36.060         776.50           0.00
  TTO  3740  3106  INBOUND-NB                     13         5.591        380.290      9.500           0.00          30.18
  TTO  3745  3106  INBOUND                       432        66.484      4,999.510    270.150         673.27           0.00
  TUN  6050  3106  INBOUND                        35         1.701        172.790      3.480           0.00           0.00
  BHR  4263  3106  INBOUND                        65         6.068        941.970     15.530         132.91           0.00
  BMU  3503  3106  INBOUND                       643       337.934      8,889.310    236.290       1,564.80           0.00
  BMU  3503  3106  INBOUND-NB                     22        31.472      1,275.740     32.720           0.00         190.51
  BRB  3106  3423  OUTBOUND-NB                   317         3.043        337.200     18.850           0.00          39.80
  BRB  3106  3423  OUTBOUND-CREDIT               151        56.552      6,869.110    169.060      -2,400.05           0.00
  BRB  3423  3106  INBOUND                       668      1402.869      8,100.890    197.440       3,615.82           0.00
  BRB  3423  3106  INBOUND-NB                     40         4.776        510.640     12.750           0.00          60.61
  CAY  3106  3463  OUTBOUND-NB                   130         1.039          0.000      8.520           0.00           2.07
  CAY  3106  3463  OUTBOUND-CREDIT                46         0.007          0.000      0.000          -0.04           0.00
  CAY  3463  3106  INBOUND                      1321       225.743     11,894.980    296.740       1,640.98           0.00
  CAY  3463  3106  INBOUND-NB                   1082      1827.494      5,445.890    135.670           0.00       4,199.57
  MCL  2350  3106  INBOUND                        28         0.887        143.810      2.890           3.13           0.00
  MCL  2351  3106  INBOUND                       201        21.220      1,924.760     47.180         213.69           0.00
  MOR  6041  3106  INBOUND                       116         7.550        582.410     18.490          29.29           0.00
  NZL  3106  5301  OUTBOUND-CREDIT-TNIC            2         0.563         65.620      2.280          -8.53           0.00
  PHP  5151  3106  INBOUND                         1         0.096         24.360      0.490           1.21           0.00
  SGP  3106  5252  OUTBOUND-CREDIT                94         2.851        919.850     18.960         -81.82           0.00
  SGP  5252  3106  INBOUND                         5         0.771         41.170      0.880           2.06           0.00
  TCI  3763  3106  INBOUND-NB                    372         1.482         25.380      0.380           0.00           2.18
  TRT  3106  3119  OUTBOUND                      132        14.141        781.990     33.280          56.42           0.00
  TRT  3119  3106  INBOUND                         9         0.058          3.690      0.120           0.24           0.00
  TYM  0009  3106  INBOUND                         3         0.151          1.540      0.030           0.00           0.00
  BT NORTH AMERICA                                                                                               PAGE    1
  TYMNET                                                                                                         PAGE    1
  AKA  3135  3106  INBOUND                         8         0.427         33.110      0.930           0.51           0.00
  AUS  5052  3106  INBOUND                        66         5.622        590.550     14.650          20.27           0.00
  AUS  5053  3106  INBOUND                        47         2.718        370.540      8.370          11.09           0.00
  BHR  4263  3106  INBOUND                        80         6.223      1,131.060     26.700         156.93           0.00
  CHL  7302  3106  INBOUND                      1768       187.043     21,205.790    496.020       1,366.13           0.00
  CHL  7303  3106  INBOUND                        26         2.412        256.570      6.250          17.32           0.00
  CHL  7305  3106  INBOUND                       407        62.273      5,551.380    154.090         432.74           0.00
  DMR  3701  3106  INBOUND                      1472       149.576     10,410.450    279.150       1,545.05           0.00
  HKG  4542  3106  INBOUND                         1         0.127         32.160      0.640           1.58           0.00
  IND  3106  4042  OUTBOUND-CREDIT-TNIC            2         0.002          0.300      0.000           0.00           0.00
  ISR  4251  3106  INBOUND                      3325       245.209     32,679.240    770.050       1,999.89           0.00
  JPN  4400  3106  INBOUND                       717        57.855     14,782.460  1,220.040       3,891.55           0.00
  JPN  4406  3106  INBOUND                         3         0.043          0.180      0.000           0.06           0.00
  JPN  4408  3106  INBOUND                         1         0.001          0.170      0.000           0.00           0.00
  MYS  5021  3106  INBOUND                       689       189.411     21,559.010    460.680         975.12           0.00
  MYS  5021  3106  INBOUND-NB                      3         0.079         16.510      0.390           0.00           0.71
  TNT  3106  3110  OUTBOUND-NB                     1         0.038          1.780      0.280           0.00           0.14
  TNT  3106  3110  OUTBOUND-CREDIT               606        13.376      1,565.990     44.900        -249.34           0.00
  TNT  3110  3106  INBOUND                      2820       282.278     38,076.800    782.140       1,935.18           0.00
  TUR  2862  3106  INBOUND                       239        16.734      1,454.580     35.090         103.64           0.00
  VEN  7340  3106  INBOUND                         2         0.058         12.800      0.100           0.16           0.00
  VEN  7341  3106  INBOUND                       152        24.166      6,041.900    128.290          57.16           0.00
  C&W-HONG KONG                                                                                                  PAGE    1
  C&W-HONG KONG                                                                                                  PAGE    1
  BHR  4263  3106  INBOUND                        22         0.435         55.960      1.710           8.08           0.00
  CHN  3106  4602  OUTBOUND-CREDIT                20         0.390          0.860      0.330           0.00           0.00
  CHN  3106  4602  OUTBOUND-CREDIT-TNIC         1654        94.018      9,611.430    183.820           0.00           0.00
  CYP  2802  3106  INBOUND                       168         8.225        590.070     23.970           0.00           0.00
  CYP  2802  3106  INBOUND-TNIC                    5         0.922         62.600      1.920           0.00           0.00
  CZE  2301  3106  INBOUND                        96         5.482        987.500     28.640          28.32           0.00
  CZE  2301  3106  INBOUND-TNIC                   65         1.955        415.230      8.890           9.00           0.00
  IDN  3106  5101  OUTBOUND-CREDIT              4139         1.809        191.820      4.130         -35.69           0.00
  IDN  3106  5101  OUTBOUND-CREDIT-TNIC         3616       145.119      5,969.190    154.070      -1,795.17           0.00
  IND  3106  4042  OUTBOUND-CREDIT                41         0.074          4.450      0.070          -0.43           0.00
  IND  3106  4042  OUTBOUND-CREDIT-TNIC          210         4.124      1,327.590     25.160         -87.87           0.00
  IRL  2724  3106  INBOUND-TNIC                    1         0.015          1.570      0.020           0.04           0.00
  IRL  3106  2724  OUTBOUND-CREDIT                38         0.013          1.690      0.030          -0.15           0.00
  IRL  3106  2724  OUTBOUND-CREDIT-TNIC          430       109.680      5,307.800    185.800        -886.46           0.00
  ISR  3106  4251  OUTBOUND-CREDIT               878         0.845         43.770      0.870         -10.34           0.00
  ISR  3106  4251  OUTBOUND-CREDIT-TNIC         3591        40.921      9,188.460    157.730      -1,191.93           0.00
  ISR  4251  3106  INBOUND                       365        47.580      5,369.360    136.990         369.15           0.00
  ISR  4251  3106  INBOUND-TNIC                 6395       449.597     64,796.460  1,608.040       4,115.28           0.00
  JPN  3106  4401  OUTBOUND-CREDIT               166        23.843      1,452.120     25.800        -219.69           0.00
  JPN  3106  4408  OUTBOUND-CREDIT               257        28.675        385.790     13.960        -188.66           0.00
  JPN  3106  4408  OUTBOUND-CREDIT-TNIC            2         0.457         36.770      0.620          -4.78           0.00
  JPN  3106  4411  OUTBOUND-CREDIT-TNIC           45        21.166      2,409.230     49.320        -311.91           0.00
  JPN  4411  3106  INBOUND                       356         7.003      1,315.050     47.660          80.61           0.00
  JPN  4411  3106  INBOUND-TNIC                 2126       190.260     27,841.420    600.330       1,166.01           0.00
  KEN  6390  3106  INBOUND                        26         0.309          1.710      0.020           0.54           0.00
  KEN  6390  3106  INBOUND-TNIC                  608        22.929      5,450.350    107.520         211.96           0.00
  MCL  2352  3106  INBOUND-TNIC                    5         0.333          8.170      0.350           1.15           0.00
  MCL  3106  2350  OUTBOUND-NB                     5         0.964          0.700      0.010           0.00           0.81
  MCL  3106  2350  OUTBOUND-CREDIT               142         0.298          8.570      0.140          -1.08           0.00
  MCL  3106  2350  OUTBOUND-CREDIT-TNIC          486         6.722      3,220.820     57.770        -160.57           0.00
  MCL  3106  2351  OUTBOUND-CREDIT               185         0.077          9.040      0.180          -2.94           0.00
  MCL  3106  2351  OUTBOUND-CREDIT-TNIC          142       122.043      4,334.360    135.190      -1,666.44           0.00
  MCL  3106  2352  OUTBOUND-CREDIT                 2         0.043          0.110      0.000          -0.16           0.00
  MCL  3106  2352  OUTBOUND-CREDIT-TNIC           78         6.478        431.480     20.140        -148.87           0.00
  MYS  3106  5021  OUTBOUND-CREDIT                 7         0.095         22.910      0.460          -2.50           0.00
  PHP  3106  5151  OUTBOUND-CREDIT               281         0.431         18.150      0.280          -4.59           0.00
  PHP  3106  5151  OUTBOUND-CREDIT-TNIC          410        13.354      5,367.790    100.380        -692.41           0.00
  SAU  4201  3106  INBOUND                       815        46.266      9,681.870    197.970       1,591.07           0.00
  SAU  4201  3106  INBOUND-NB                      5         0.674        354.460      5.550           0.00          55.19
  SAU  4201  3106  INBOUND-TNIC                 1788       145.413     34,959.280    624.920       5,680.09           0.00
  SGP  3106  5252  OUTBOUND-CREDIT             32592        23.609      2,301.910     32.780        -210.85           0.00
  SGP  3106  5252  OUTBOUND-CREDIT-TNIC         7691       841.178     30,944.380    754.080      -5,981.94           0.00
  TLX  3106  4873  OUTBOUND-CREDIT                36         2.013        352.380      6.520         -28.79           0.00
  UAE  3106  4243  OUTBOUND-CREDIT                22         0.024          1.070      0.020          -0.63           0.00
  UAE  3106  4243  OUTBOUND-CREDIT-TNIC          433         7.961      1,667.420     29.080        -798.10           0.00
  UAE  4243  3106  INBOUND                      2030       235.583     37,821.750    845.160       6,144.38           0.00
  UAE  4243  3106  INBOUND-TNIC                 1730       457.758     29,236.830    995.900       5,300.99           0.00
  ZAF  3106  6550  OUTBOUND-CREDIT                49         0.022          2.510      0.040          -0.41           0.00
  ZAF  3106  6550  OUTBOUND-CREDIT-TNIC          465        90.154     42,192.710    704.120      -4,694.12           0.00
  ZAF  6550  3106  INBOUND                       786       110.838     15,383.230    364.380         936.14           0.00
  ZAF  6550  3106  INBOUND-TNIC                 1376       147.620     20,941.660    525.510       1,325.99           0.00
  ZIM  6482  3106  INBOUND                        10         0.060          0.660      0.010           0.00           0.00
  ZIM  6482  3106  INBOUND-TNIC                  131        14.951      1,034.280     24.150           0.00           0.00
  DATA MANAGEMENT CO                                                                                             PAGE    1
  JAMAICA                                                                                                        PAGE    1
  TRINIDAD                                                                                                       PAGE    1
  BARBADOS                                                                                                       PAGE    1
  CAYMAN ISLANDS                                                                                                 PAGE    1
  PHILIPPINES GLOBAL COMM. INC.                                                                                  PAGE    1
  PHILIPPINES                                                                                                    PAGE    1
  COSTA RICA                                                                                                     PAGE    1
  COSTA RICA                                                                                                     PAGE    1
  v A