  ARG  3106  7222  OUTBOUND-CREDIT               193       337.414     23,756.700    419.420      -4,541.01           0.00
  ARG  3106  7222  OUTBOUND-CREDIT-TNIC           21        26.712        239.130      5.160        -191.24           0.00
  ARG  7222  3106  INBOUND                      4964       579.541     72,414.620  1,579.420       4,317.92           0.00
  ARG  7222  3106  INBOUND-NB                     22         1.513        524.560      8.520           0.00          20.08
  AUS  3106  5052  OUTBOUND-CREDIT                 2         0.047          1.610      0.030          -0.24           0.00
  AUS  3106  5053  OUTBOUND-CREDIT                 4         0.868         75.310      1.200          -6.20           0.00
  AUS  5052  3106  INBOUND                      1208        85.123     15,954.060    343.870         428.99           0.00
  AUS  5053  3106  INBOUND                       601        50.565     10,124.500    220.820         271.39           0.00
  AUS  5053  3106  INBOUND-NB                      4         0.079         35.270      0.730           0.00           0.81
  BHR  3106  4263  OUTBOUND-NB                   147         1.370        443.160     12.770           0.00          58.81
  BHR  3106  4263  OUTBOUND-CREDIT                26         3.678        679.340     17.400        -282.34           0.00
  BHR  4263  3106  INBOUND                      3007       360.777     34,906.910    948.650       5,265.19           0.00
  BHR  4263  3106  INBOUND-NB                     90        25.469      3,325.050     84.700           0.00         479.30
  BMU  3106  3503  OUTBOUND-NB                    31         0.286        112.270      2.720           0.00          11.80
  BMU  3106  3503  OUTBOUND-CREDIT                14         2.111        141.310      2.550         -55.06           0.00
  BMU  3503  3106  INBOUND                       872      3849.516     10,584.730    327.230       8,757.50           0.00
  BMU  3503  3106  INBOUND-NB                     35        55.540      2,780.860     69.500           0.00         389.16
  BUL  2841  3106  INBOUND                         1         0.061          8.050      0.210           0.22           0.00
  BUL  2841  3106  INBOUND-NB                      3         0.093         17.990      0.410           0.00           0.42
  CHL  3106  7305  OUTBOUND                      146        97.295      9,760.080    302.610         799.82           0.00
  CHL  7303  3106  INBOUND                        90        10.764      1,296.740     25.430          72.39           0.00
  CHN  4602  3106  INBOUND                        50         8.425        524.300     12.620         103.92           0.00
  CHN  4602  3106  INBOUND-TNIC                   37         2.808        370.950      7.180          64.06           0.00
  COL  3106  7322  OUTBOUND                       11         0.483         54.400      1.430           1.92           0.00
  COL  3106  7322  OUTBOUND-CREDIT               727       448.083     59,949.510    981.800      -4,289.67           0.00
  COL  7322  3106  INBOUND                      1193       195.649     22,134.540    444.790         640.44           0.00
  COL  7322  3106  INBOUND-NB                     12         0.575        210.820      3.950           0.00           4.53
  COL  7322  3106  INBOUND-TNIC                   17         3.725        295.550      7.100          10.83           0.00
  CPS  3106  3132  OUTBOUND-NB                     1         0.011          0.080      0.000           0.00           0.02
  CPS  3106  3132  OUTBOUND-CREDIT                 2         0.023          0.250      0.020          -0.16           0.00
  CSC  3106  3137  OUTBOUND                        8         0.148          3.720      0.190           0.43           0.00
  CZE  2301  3106  INBOUND                        10         0.364         50.830      1.840           1.83           0.00
  CZE  2301  3106  INBOUND-TNIC                   12         0.449        128.510      2.460           2.41           0.00
  DPC  3106  3020  OUTBOUND-NB                     1         0.078          0.260      0.000           0.00           0.07
  DPC  3106  3020  OUTBOUND-CREDIT               160        28.078      2,096.720     62.560        -308.30           0.00
  HUN  2161  3106  INBOUND-TNIC                   67         5.620        821.300     27.460          66.16           0.00
  IND  4042  3106  INBOUND                      4613       608.727     75,102.450  2,165.170       2,773.89           0.00
  IND  4042  3106  INBOUND-NB                     38         1.058        278.980      5.580           0.00           6.64
  IND  4043  3106  INBOUND                       162        15.009      1,352.040     41.470          56.48           0.00
  IND  4043  3106  INBOUND-NB                     19         1.131        240.770      4.930           0.00           6.06
  IRL  2724  3106  INBOUND                      3855       334.989     44,513.870    904.650       1,239.64           0.00
  IRL  2724  3106  INBOUND-NB                      1         0.015          1.880      0.060           0.00           0.08
  IRL  3106  2724  OUTBOUND                       86       108.185        818.650     35.990         144.18           0.00
  IRL  3106  2724  OUTBOUND-CREDIT                38         4.496        380.800      6.660         -33.48           0.00
  IRL  3106  2724  OUTBOUND-TNIC                  86        11.902      1,214.890     20.510          32.41           0.00
  IRL  3106  2724  OUTBOUND-CREDIT-TNIC           56         7.118        707.770     11.790         -56.73           0.00
  ISR  4251  3106  INBOUND                         3         0.037          0.070      0.000           0.06           0.00
  JPN  3106  4400  OUTBOUND-NB                     2         0.019          0.150      0.010           0.00           0.04
  JPN  3106  4401  OUTBOUND                       21        54.193      2,297.540     48.710         151.79           0.00
  JPN  3106  4401  OUTBOUND-CREDIT               241        86.265      5,964.460    107.830        -858.85           0.00
  JPN  3106  4406  OUTBOUND                        1         0.003          0.140      0.000           0.00           0.00
  JPN  3106  4408  OUTBOUND                      373        14.352     16,790.310    283.610         439.48           0.00
  JPN  3106  4408  OUTBOUND-CREDIT               483        44.416     15,984.070    264.570      -1,367.23           0.00
  JPN  4410  3106  INBOUND                       511        54.331      4,715.440     90.790         214.03           0.00
  KOR  3106  4501  OUTBOUND-CREDIT                 1         0.034          0.960      0.030          -0.19           0.00
  KOR  4500  3106  INBOUND                        49         2.567        280.390      6.580           9.14           0.00
  MAN  3106  5156  OUTBOUND-NB                    62         0.043          0.000      0.240           0.00           0.57
  MAN  3106  5156  OUTBOUND-CREDIT                 4         0.000          0.000      0.000           0.00           0.00
  MAN  5156  3106  INBOUND                       663        30.465      3,548.180     88.380         245.29           0.00
  MAN  5156  3106  INBOUND-NB                    117         7.207      1,249.800     31.180           0.00          78.58
  MCL  2350  3106  INBOUND                         2         0.036          0.130      0.000           0.03           0.00
  MCL  3106  2350  OUTBOUND-CREDIT                 2         0.002          0.220      0.000          -0.01           0.00
  MCL  3106  2352  OUTBOUND-CREDIT-TNIC            1         0.033          1.030      0.040          -0.41           0.00
  MNR  3106  5152  OUTBOUND                     2082        46.099      5,476.930    253.030         486.04           0.00
  MNR  5152  3106  INBOUND                      1595        74.451      7,338.760    225.270         486.98           0.00
  MOR  6041  3106  INBOUND                        30         2.040        140.070      4.780           7.67           0.00
  MOR  6049  3106  INBOUND                        25         1.389         98.670      2.940           4.87           0.00
  MYS  3106  5021  OUTBOUND                      401        37.223      2,014.290     35.790         109.51           0.00
  MYS  3106  5021  OUTBOUND-CREDIT               135        18.490      1,016.300     18.310        -165.62           0.00
  MYS  5021  3106  INBOUND                       603       163.941     15,721.740    351.180         772.67           0.00
  NZL  3106  5301  OUTBOUND                        1         0.012          1.870      0.050           0.06           0.00
  NZL  5301  3106  INBOUND                         2         0.556         21.260      2.590           3.15           0.00
  NZL  5301  3106  INBOUND-TNIC                   10         0.521         68.010      1.870           2.39           0.00
  PAK  4100  3106  INBOUND                       187        39.148      8,523.350    140.250         179.40           0.00
  PER  3106  7160  OUTBOUND-CREDIT               177       385.209     35,704.640    692.530     -16,278.30           0.00
  PER  7160  3106  INBOUND                      1724       306.431     52,921.210  1,005.690       7,381.16           0.00
  RCA  3106  3113  OUTBOUND                       18         4.665        253.800      7.930          18.46           0.00
  RCA  3106  3136  OUTBOUND-CREDIT               199         6.860        694.870     14.340        -116.19           0.00
  SAU  3106  4201  OUTBOUND                      456        36.868      1,951.100     32.620         403.26           0.00
  SAU  3106  4201  OUTBOUND-TNIC                   3         0.465         18.610      0.310           4.18           0.00
  SEN  6081  3106  INBOUND-TNIC                   32         1.378        238.780      5.930          11.88           0.00
  SGP  3106  5252  OUTBOUND-CREDIT                 2         0.009          8.700      0.150          -0.60           0.00
  TAI  3106  4877  OUTBOUND                      131         1.042        198.040      5.790          13.45           0.00
  TAI  3106  4877  OUTBOUND-NB                     1         0.016          0.990      0.030           0.00           0.10
  TAI  3106  4877  OUTBOUND-CREDIT                42         0.751        293.190      7.780         -50.43           0.00
  TAI  4877  3106  INBOUND                       114        22.601      8,236.770    140.060         320.45           0.00
  TCI  3106  3763  OUTBOUND-CREDIT                 5         0.000          0.000      0.000           0.00           0.00
  TCI  3763  3106  INBOUND-NB                    386         1.754         31.340      0.510           0.00           6.64
  THA  3106  5201  OUTBOUND-CREDIT               397       184.328      9,297.410    173.710      -3,337.32           0.00
  TLX  3106  4872  OUTBOUND                        1         0.000          0.070      0.000           0.00           0.00
  TLX  3106  4873  OUTBOUND                        2         0.039         11.240      0.260           0.59           0.00
  TLX  3106  4873  OUTBOUND-CREDIT                30         1.143        410.920      7.080         -48.64           0.00
  TLX  4872  3106  INBOUND                         2         0.025          0.130      0.000           0.05           0.00
  TNT  3106  3110  OUTBOUND                       15         1.222        246.470      8.470          11.31           0.00
  TNT  3106  3110  OUTBOUND-NB                     9         0.419          1.340      0.050           0.00           0.88
  TNT  3106  3110  OUTBOUND-CREDIT               232        12.698        873.380     37.380        -170.50           0.00
  TNT  3110  3106  INBOUND                         2         0.005          0.010      0.000           0.01           0.00
  TUN  6050  3106  INBOUND-TNIC                   19         0.793         74.320      1.580           0.00           0.00
  TUR  2863  3106  INBOUND                      4797       292.307     34,480.840    718.380         838.62           0.00
  TUR  2863  3106  INBOUND-NB                      2         0.077         28.000      0.530           0.00           0.50
  TUR  3106  2863  OUTBOUND-CREDIT               203         5.322      2,495.370     38.910        -110.12           0.00
  TUR  3106  2863  OUTBOUND-CREDIT-TNIC            1         0.023          0.270      0.000          -0.08           0.00
  TYM  0009  3106  INBOUND                         2         0.004          1.020      0.050           0.00           0.00
  TYM  3106  0009  OUTBOUND-NB                     1         0.013          5.790      0.110           0.00           0.00
  URG  7482  3106  INBOUND                        20         0.415         70.470      1.540           3.61           0.00
  WAG  3106  3149  OUTBOUND-CREDIT               127         3.421        615.390     11.160         -86.97           0.00
  WAG  3149  3106  INBOUND                         7         0.111          0.070      0.000           0.22           0.00
  WAG  3149  3106  INBOUND-TNIC                    3         0.040          3.230      0.250           0.19           0.00
  WUI  3104  3106  INBOUND                     11546       569.643     51,757.430    991.230       3,001.99           0.00
  WUI  3104  3106  INBOUND-NB                     12        79.337         46.080      1.140           0.00         160.33
  WUI  3104  3106  INBOUND-TNIC                   11         1.865        613.660     11.160          25.82           0.00
  WUI  3106  3104  OUTBOUND                     4374      1173.777    103,377.920  3,003.160       6,068.95           0.00
  WUI  3106  3104  OUTBOUND-NB                   579       549.256      2,224.690    102.980           0.00       1,178.59
  WUI  3106  3104  OUTBOUND-CREDIT             20551      2639.374    248,543.450  5,154.910     -42,677.44           0.00
  WUI  3106  3104  OUTBOUND-CREDIT-TNIC            1         0.006          0.200      0.000          -0.06           0.00
  ZAF  3106  6550  OUTBOUND-CREDIT-TNIC            1         0.018          0.270      0.020          -0.22           0.00
  AME  3106  3143  OUTBOUND-CREDIT                53         6.712         37.410      1.060         -13.99           0.00
  ARG  3106  7222  OUTBOUND-NB                    62         0.222          0.000      2.310           0.00           0.55
  ARG  3106  7222  OUTBOUND-CREDIT                 5         0.001          0.000      0.020           0.00           0.00
  ARG  7220  3106  INBOUND                       772       143.928      9,360.210    209.980       1,529.81           0.00
  ARG  7220  3106  INBOUND-NB                      1         0.022          2.000      0.060           0.00           0.30
  ARG  7222  3106  INBOUND                       760       106.401      8,890.040    199.200       1,377.23           0.00
  ARG  7222  3106  INBOUND-NB                      7         7.446         76.520      1.920           0.00          28.18
  ATG  3106  3443  OUTBOUND-NB                   126         0.669          0.000      8.770           0.00           1.33
  ATG  3106  3443  OUTBOUND-CREDIT                10         0.003          0.000      0.060          -0.02           0.00
  ATG  3443  3106  INBOUND                       624        23.366      4,135.530     99.920         377.54           0.00
  ATT  3106  3134  OUTBOUND                        1         0.281         25.760      0.470           0.45           0.00
  ATT  3106  3134  OUTBOUND-CREDIT              1372       182.315      5,520.800    111.910        -529.52           0.00
  ATT  3134  3106  INBOUND                      1321       206.821      7,957.540    152.960         215.80           0.00
  ATT  3134  3106  INBOUND-NB                      5         0.233        105.870      1.640           0.00           1.12
  AUS  3106  5053  OUTBOUND-CREDIT                 2         1.425         75.010      1.350          -8.34           0.00
  AUS  5052  3106  INBOUND                       418        38.273      7,952.740    159.620         197.89           0.00
  AUS  5053  3106  INBOUND                       212        17.729      3,652.140     75.880          93.61           0.00
  BHR  3106  4263  OUTBOUND-NB                   118         2.542      1,838.380     30.860           0.00         236.15
  BHR  3106  4263  OUTBOUND-CREDIT                34         1.926        131.160     13.690         -63.63           0.00
  BHR  4263  3106  INBOUND                      3074       408.118     39,416.140  1,103.220       5,947.20           0.00
  BHR  4263  3106  INBOUND-NB                     97        46.159      1,955.400     49.290           0.00         359.82
  BLZ  7020  3106  INBOUND                        72         3.156        425.970      9.790          14.56           0.00
  BMU  3106  3503  OUTBOUND-CREDIT                 6         4.383         79.890      3.200         -50.26           0.00
  BRA  3106  7241  OUTBOUND-CREDIT                13        85.315     14,834.940    251.300      -6,202.96           0.00
  BRA  7240  3106  INBOUND                         5         0.598         95.770      1.950          13.46           0.00
  BRA  7241  3106  INBOUND                         3         0.311         18.590      0.320           3.10           0.00
  BRA  7249  3106  INBOUND                         7         1.757        110.330      2.900          18.18           0.00
  BVI  3106  3483  OUTBOUND-NB                     1         0.000          0.000      0.000           0.00           0.00
  BVI  3106  3483  OUTBOUND-CREDIT                 1         0.000          0.000      0.000           0.00           0.00
  BVI  3483  3106  INBOUND-NB                     80         0.381          7.440      0.150           0.00           1.78
  CHN  4602  3106  INBOUND                      2173       265.235     19,182.010    508.930       3,672.95           0.00
  COL  7322  3106  INBOUND                      1406       236.056     16,493.060    351.570       1,157.56           0.00
  COL  7322  3106 UND-NB                      7         0.384         44.360      0.940           0.00           2.61
  DMR  3106  3700  OUTBOUND-NB                     1         0.001          0.000      0.030           0.00           0.00
  DMR  3106  3700  OUTBOUND-CREDIT                 5         0.000          0.000      0.000           0.00           0.00
  DMR  3106  3701  OUTBOUND-CREDIT                 2         0.029          6.600      0.160          -2.45           0.00
  DMR  3700  3106  INBOUND                       126        15.385      1,670.210     41.690         226.35           0.00
  DMR  3700  3106  INBOUND-NB                      2         0.034          1.180      0.020           0.00           0.21
  DMR  3701  3106  INBOUND                       117         8.763      2,136.870     34.800         262.30           0.00
  DOM  3101  3106  INBOUND                       851        24.834      1,352.940     34.520          98.33           0.00
  DOM  3106  3101  OUTBOUND-CREDIT                 2         0.006          1.120      0.020          -0.16           0.00
  DPC  3025  3106  INBOUND                        11         1.604         89.150      3.090           2.11           0.00
  DPC  3028  3106  INBOUND                       313        39.258      7,807.940    204.620         117.93           0.00
  DPC  3106  3020  OUTBOUND-CREDIT                36         5.690        641.870     13.180         -34.01           0.00
  GAB  6282  3106  INBOUND-TNIC                    1         0.003          0.030      0.000           0.01           0.00
  GTM  7042  3106  INBOUND                       102         2.809        343.110     10.340          39.93           0.00
  GTM  7042  3106  INBOUND-NB                      4         0.279          9.180      0.500           0.00           1.47
  HKG  4542  3106  INBOUND                      2301       312.537     64,776.740  1,238.500       3,180.12           0.00
  IDN  3106  5101  OUTBOUND-CREDIT              2674        21.776        808.680     13.310        -210.55           0.00
  IDN  5101  3106  INBOUND                      3241       406.701     36,130.480  1,105.160       3,023.72           0.00
  IDN  5101  3106  INBOUND-NB                     85         3.943        468.870     17.580           0.00          43.05
  IRL  3106  2724  OUTBOUND-CREDIT                27         4.184      1,360.950     22.210         -79.20           0.00
  IRL  3106  2724  OUTBOUND-CREDIT-TNIC           42         5.627        509.210      8.800         -43.29           0.00
  ISR  4251  3106  INBOUND                       969        74.380     11,409.160    287.760         724.29           0.00
  ITT  3103  3106  INBOUND                        21         0.875         45.900      0.960           3.40           0.00
  ITT  3106  3103  OUTBOUND                        7         0.044          0.420      0.000           0.10           0.00
  ITT  3106  3103  OUTBOUND-CREDIT                 8         0.079          0.520      0.000          -0.53           0.00
  ITT  3106  3107  OUTBOUND-NB                    99         3.112          0.000     12.510           0.00           6.22
  ITT  3106  3107  OUTBOUND-CREDIT                68         0.316          0.000     15.990          -1.90           0.00
  JAM  3380  3106  INBOUND                      6869       699.049     39,911.410    989.130       1,898.90           0.00
  JPN  3106  4401  OUTBOUND                        1         0.355         51.350      1.880           3.30           0.00
  JPN  3106  4401  OUTBOUND-CREDIT               223        22.622      1,401.100     26.510        -217.41           0.00
  JPN  3106  4408  OUTBOUND-CREDIT               256        34.129      8,714.290    142.730        -782.60           0.00
  JPN  4401  3106  INBOUND                       211        11.095      1,274.580     30.760          61.73           0.00
  JPN  4408  3106  INBOUND                      2730     15675.308     41,969.950    838.430      24,357.63           0.00
  JPN  4408  3106  INBOUND-NB                      1         0.056         16.130      0.300           0.00           0.53
  KOR  4500  3106  INBOUND                       545        40.277      3,896.320     87.500         392.23           0.00
  KOR  4501  3106  INBOUND                         5         0.458        105.150      1.920           9.32           0.00
  MNI  3106  5154  OUTBOUND-NB                    66         0.525          3.180      5.630           0.00           2.05
  MNI  3106  5154  OUTBOUND-CREDIT                24         0.003          0.000      0.020          -0.03           0.00
  MNI  5154  3106  INBOUND                      2858       339.129     44,490.210  1,082.130       7,690.84           0.00
  MNI  5154  3106  INBOUND-NB                     77        18.576      5,259.650    131.440           0.00         844.67
  MYS  3106  5021  OUTBOUND-CREDIT                70        10.728        552.490     10.080         -93.67           0.00
  NAN  3620  3106  INBOUND-NB                      3         0.291         26.840      0.600           0.00           3.26
  NYX  3106  3144  OUTBOUND-CREDIT               302         7.007        134.090      3.780         -56.50           0.00
  NZL  3106  5301  OUTBOUND-CREDIT                 1         0.319         30.240      0.850          -3.51           0.00
  NZL  5301  3106  INBOUND                      2341       256.330     41,149.950    981.710       1,238.04           0.00
  NZL  5301  3106  INBOUND-NB                      3         0.202         66.360      1.410           0.00           1.61
  PAR  3106  7447  OUTBOUND-NB                    67         1.654          0.000      2.450           0.00           4.11
  PAR  3106  7447  OUTBOUND-CREDIT                 3         0.002          0.000      0.030          -0.09           0.00
  PAR  7447  3106  INBOUND                       411        35.692      5,421.650    134.060         169.76           0.00
  PAR  7447  3106  INBOUND-NB                      5         0.358        150.480      2.850           0.00           3.20
  PRI  3106  3300  OUTBOUND-NB                   125        16.620      1,027.490     17.840           0.00         157.13
  PRI  3106  3300  OUTBOUND-CREDIT                18         0.731      1,009.750     28.380        -346.28           0.00
  PRI  3300  3106  INBOUND                       110         7.494        783.120     19.330         106.83           0.00
  QAT  4271  3106  INBOUND                       120         6.552        441.200     11.500          37.75           0.00
  SEN  6081  3106  INBOUND-TNIC                   61         3.457        843.960     19.440          45.80           0.00
  SGP  3106  5252  OUTBOUND-CREDIT                 4         0.033         30.800      0.510          -2.04           0.00
  SGP  5252  3106  INBOUND                        25         5.602      2,115.740     33.440          48.80           0.00
  SRI  4132  3106  INBOUND-TNIC                    1         0.039          5.940      0.180           0.27           0.00
  TAI  3106  4877  OUTBOUND-CREDIT                24         0.477        125.350      3.700         -60.70           0.00
  TAI  4877  3106  INBOUND                      3083       271.097     49,643.450  1,024.770       8,259.73           0.00
  TAI  4877  3106  INBOUND-NB                      2         0.291        169.390      2.730           0.00          26.28
  TCI  3763  3106  INBOUND-NB                     13         0.055          1.110      0.010           0.00           0.08
  TGL  3026  3106  INBOUND                       336        32.364      2,276.200     69.800         115.55           0.00
  TLX  3106  4872  OUTBOUND-CREDIT                58        13.162      3,812.170     63.830      -1,833.93           0.00
  TLX  3106  4873  OUTBOUND-CREDIT                20         0.583        127.470      2.500         -62.61           0.00
  TLX  4872  3106  INBOUND                      2381       281.096     16,841.970    488.720       3,369.52           0.00
  TLX  4873  3106  INBOUND                      1447       139.862     26,789.410    603.860       4,437.96           0.00
  TNT  3106  3110  OUTBOUND-CREDIT                 1         0.122         12.870      0.490          -2.12           0.00
  URG  7482  3106  INBOUND                       778        77.532      9,779.970    232.690         611.10           0.00
  URG  7482  3106  INBOUND-NB                      4         0.244         58.500      1.140           0.00           2.74
  ZAF  3106  6550  OUTBOUND-CREDIT                59         1.278        206.830      5.180         -38.19           0.00
  ZAF  6550  3106  INBOUND                      4461       372.692     30,093.770    800.020       2,310.02           0.00
  ZAF  6550  3106  INBOUND-NB                      2         0.177         24.080      0.530           0.00           1.40
  BHR  3106  4263  OUTBOUND-NB                    36         0.417        533.270      8.590           0.00          67.70
  BHR  3106  4263  OUTBOUND-CREDIT                31         1.322      1,507.670     52.550        -575.29           0.00
  BHR  4263  3106  INBOUND                       331        19.634      2,872.130     59.180         408.09           0.00
  BHR  4263  3106  INBOUND-NB                      3         0.069         10.030      0.660           0.00           1.42
  BMU  3106  3503  OUTBOUND-CREDIT                 7         0.733         71.850      1.370         -25.95           0.00
  CHL  3106  7302  OUTBOUND-CREDIT               104         2.528        539.810     10.780        -221.39           0.00
  CHL  3106  7305  OUTBOUND-NB                     1         0.019          0.080      0.000           0.00           0.05
  CHL  3106  7305  OUTBOUND-CREDIT                 1         0.015          0.260      0.000          -0.21           0.00
  CHL  7302  3106  INBOUND                         1         0.003          0.160      0.000           0.02           0.00
  CHL  7303  3106  INBOUND                         5         0.675         56.010      1.550           8.68           0.00
  CRI  7122  3106  INBOUND                        22         2.645        258.520      5.020           8.62           0.00
  CRI  7129  3106  INBOUND                        29         0.844         47.300      1.270           2.38           0.00
  DPC  3106  3020  OUTBOUND-CREDIT               153        29.870      2,355.340     56.350        -142.82           0.00
  DPC  3106  3025  OUTBOUND-CREDIT                 2         0.012          0.140      0.000          -0.02           0.00
  HKG  3106  4542  OUTBOUND-NB                     3         0.147         18.840      0.430           0.00           1.20
  HKG  3106  4542  OUTBOUND-CREDIT                 8         0.101          7.050      0.900          -6.10           0.00
  HKG  4542  3106  INBOUND                      1825       186.271     35,226.580    708.170       1,835.39           0.00
  HKG  4544  3106  INBOUND                         2         0.012          0.070      0.000           0.03           0.00
  IDN  5101  3106  INBOUND                        28         4.793        396.740     15.080          39.75           0.00
  IDN  5101  3106  INBOUND-NB                      1         0.013          1.880      0.080           0.00           0.20
  IDN  5101  3106  INBOUND-TNIC                   57         6.390        560.640     17.050          46.89           0.00
  IND  4042  3106  INBOUND                         5         0.294         17.370      0.930           1.23           0.00
  IND  4042  3106  INBOUND-NB                      3         0.105         26.020      0.500           0.00           0.61
  IND  4042  3106  INBOUND-TNIC                   20         1.656        257.110      6.250           7.90           0.00
  IRL  3106  2724  OUTBOUND-CREDIT                17         2.691        243.300      4.120         -20.44           0.00
  IRL  3106  2724  OUTBOUND-CREDIT-TNIC           35         4.514        611.540     10.260         -44.32           0.00
  JPN  3106  4401  OUTBOUND-CREDIT               248        59.543      3,632.370     69.010        -568.86           0.00
  JPN  3106  4406  OUTBOUND-CREDIT                 2         0.015          0.230      0.000          -0.08           0.00
  JPN  3106  4408  OUTBOUND-CREDIT               260        54.434      9,186.620    163.200        -963.02           0.00
  JPN  3106  4408  OUTBOUND-CREDIT-TNIC            1         6.778         13.580      0.310         -31.36           0.00
  JPN  4401  3106  INBOUND                       248        13.089      1,252.780     32.260          66.88           0.00
  JPN  4408  3106  INBOUND                      5314      7031.217     65,768.910  1,455.890      12,518.22           0.00
  JPN  4408  3106  INBOUND-NB                      1         0.101          2.960      0.090           0.00           0.28
  KOR  3106  4501  OUTBOUND-CREDIT                 1         0.012          0.110      0.010          -0.07           0.00
  KOR  4501  3106  INBOUND                         5         0.177         16.750      0.400           0.58           0.00
  MAN  5156  3106  INBOUND                      2035       217.174     34,558.730    752.810       1,994.18           0.00
  MNR  3106  5152  OUTBOUND                      123         0.242         12.500      0.120           0.60           0.00
  MNR  3106  5152  OUTBOUND-NB                   355        33.801        327.260     48.460           0.00         133.67
  MNR  3106  5152  OUTBOUND-CREDIT              2089        44.883      1,872.550    372.890      -2,036.58           0.00
  MNR  5152  3106  INBOUND                      5074       617.051     34,883.090    808.800       2,316.80           0.00
  MNR  5152  3106  INBOUND-NB                     71        22.691      1,415.550     35.350           0.00          94.32
  MYS  3106  5021  OUTBOUND-CREDIT                77        12.109        679.750     11.770        -107.48           0.00
  NAN  3106  3620  OUTBOUND-NB                    64         0.684          0.000      4.620           0.00           1.70
  NAN  3106  3620  OUTBOUND-CREDIT                 7         0.216          0.000      0.600          -1.62           0.00
  NAN  3620  3106  INBOUND                       423       199.104      5,062.200    127.000       1,067.24           0.00
  NAN  3620  3106  INBOUND-NB                      6         0.474         45.030      1.230           0.00           6.25
  RCA  3106  3113  OUTBOUND-NB                   160         4.769         11.050     13.150           0.00           9.93
  RCA  3106  3113  OUTBOUND-CREDIT               326         2.482         28.300     46.270         -17.93           0.00
  RCA  3106  3113  OUTBOUND-CREDIT-TNIC           12         0.106          1.220      0.010          -0.76           0.00
  RCA  3113  3106  INBOUND                       232        26.132      5,571.830    119.140         252.83           0.00
  RCA  3113  3106  INBOUND-NB                      1         0.051         15.300      0.280           0.00           0.65
  SAU  3106  4201  OUTBOUND-CREDIT               448        37.297      1,936.640     32.760      -1,207.16           0.00
  SAU  3106  4201  OUTBOUND-CREDIT-TNIC            4         0.499         23.610      0.400         -15.12           0.00
  SAU  4201  3106  INBOUND                        19         2.468        155.570      4.470          30.74           0.00
  SGP  3106  5252  OUTBOUND-CREDIT                 3         0.018         24.050      0.400          -1.56           0.00
  SGP  5252  3106  INBOUND                      4046       615.613     47,483.690  1,235.760       2,314.05           0.00
  SRI  4132  3106  INBOUND                        24         0.496        177.990      2.270           3.46           0.00
  SRI  4132  3106  INBOUND-TNIC                  379        30.939      4,063.580    103.740         168.34           0.00
  TAI  3106  4877  OUTBOUND-CREDIT                20         0.304         85.860      2.590         -41.37           0.00
  TAI  4877  3106  INBOUND                       899        69.885     15,005.200    343.860       2,460.41           0.00
  TCI  3763  3106  INBOUND-NB                     12         0.051          0.920      0.010           0.00           0.07
  THA  5201  3106  INBOUND                      4641       862.788    108,002.230  2,291.290      10,365.56           0.00
  THA  5201  3106  INBOUND-NB                     41         2.137        282.050      5.930           0.00          26.83
  TLX  3106  4873  OUTBOUND-CREDIT                31         1.822        484.380      8.620        -234.36           0.00
  TLX  4872  3106  INBOUND                        10         0.653        199.420      3.420          31.87           0.00
  TLX  4873  3106  INBOUND                       254        25.985      3,382.070     79.930         585.26           0.00
  TLX  4873  3106  INBOUND-TNIC                  113        23.918      5,717.230    124.320         929.33           0.00
  TNT  3106  3110  OUTBOUND-CREDIT                59        12.630        816.200     35.470        -163.92           0.00
  UAE  4243  3106  INBOUND                        18         7.097        513.210     30.800          75.80           0.00
  WUI  3106  3104  OUTBOUND                       14        64.086         36.230      3.130         129.47           0.00
  WUI  3106  3104  OUTBOUND-NB                     1         0.149          0.440      0.090           0.00           0.31
  ANG  6315  3106  INBOUND                        93         8.158        252.390      9.530          28.75           0.00
  AUS  5052  3106  INBOUND                       602        59.506      9,871.170    211.610         271.12           0.00
  AUS  5053  3106  INBOUND                       313        32.932      3,229.630     73.920         106.86           0.00
  AUS  5053  3106  INBOUND-NB                      1         0.004          1.030      0.050           0.00           0.06
  BHR  3106  4263  OUTBOUND-NB                    18         1.106        506.110      7.610           0.00          66.02
  BHR  3106  4263  OUTBOUND-CREDIT                18         0.885        409.730     10.090        -160.29           0.00
  BHR  4263  3106  INBOUND                      2658       305.473     28,823.730    798.680       4,366.55           0.00
  BHR  4263  3106  INBOUND-NB                     80        41.022      1,753.920     45.110           0.00         321.79
  BHS  3106  3640  OUTBOUND-CREDIT               125         2.061        656.270     11.090        -209.25           0.00
  BHS  3640  3106  INBOUND                       690       534.876     12,185.600    304.230       2,288.31           0.00
  BHS  3640  3106  INBOUND-NB                   7223       119.272      1,853.640     42.360           0.00         423.91
  BMU  3106  3503  OUTBOUND-NB                    24         0.264        400.010      6.340           0.00          40.52
  BMU  3106  3503  OUTBOUND-CREDIT                15         7.075        388.510     11.350        -159.00           0.00
  BMU  3503  3106  INBOUND                        12         0.238         13.550      0.340           1.83           0.00
  BMU  3503  3106  INBOUND-NB                      1         0.002          0.230      0.060           0.00           0.02
  BRB  3423  3106  INBOUND                       200         6.116        591.840     29.010          71.41           0.00
  BRB  3423  3106  INBOUND-NB                      1         0.012          2.880      0.110           0.00           0.31
  BUL  2841  3106  INBOUND                         5         0.856        108.560      2.450           2.74           0.00
  BUL  2841  3106  INBOUND-NB                      6         0.512         61.210      1.280           0.00           1.49
  BUL  2841  3106  INBOUND-TNIC                   39         3.994      1,334.040     21.450          21.12           0.00
  CAM  6242  3106  INBOUND                        34         2.586        699.470     11.810          23.39           0.00
  CAM  6242  3106  INBOUND-TNIC                    9         1.033        134.050      4.860           9.57           0.00
  CAY  3463  3106  INBOUND                       112        15.590      2,563.190     47.160         287.50           0.00
  CHD  6222  3106  INBOUND                        26         1.368        225.770      4.160           8.98           0.00
  COL  7322  3106  INBOUND                      2678       411.880     54,034.160  1,091.850       1,503.73           0.00
  COL  7322  3106  INBOUND-NB                     16         0.838        327.580      5.740           0.00           6.58
  COL  7322  3106  INBOUND-TNIC                  123        10.820      1,515.230     32.300          43.12           0.00
  CPS  3132  3106  INBOUND                        29         3.158        875.600     14.730          37.83           0.00
  CRI  7122  3106  INBOUND                         1         0.156          8.370      0.210           0.41           0.00
  CRI  7129  3106  INBOUND                        18         0.934        295.490      5.050           6.73           0.00
  CSC  3106  3137  OUTBOUND-CREDIT                20         0.781         97.940      2.150         -15.26           0.00
  CZE  2301  3106  INBOUND                       149         5.793        779.300     25.470          25.94           0.00
  CZE  2301  3106  INBOUND-TNIC                  219        16.537      3,632.130    182.040         164.81           0.00
  DPC  3106  3028  OUTBOUND-CREDIT               163         1.102        469.680      7.470         -30.91           0.00
  EGY  6020  3106  INBOUND                      1688       156.060     29,021.860    691.640       3,214.30           0.00
  EGY  6020  3106  INBOUND-NB                      2         0.020          4.000      0.130           0.00           0.44
  EGY  6020  3106  INBOUND-TNIC                   11         0.595        107.910      2.140          11.98           0.00
  FTC  3124  3106  INBOUND                       326      1426.424     13,740.710    417.830       3,347.50           0.00
  GTM  3106  7044  OUTBOUND-CREDIT                 1         0.000          0.020      0.000           0.00           0.00
  GTM  7042  3106  INBOUND                       362        13.684      1,751.260     42.010         202.49           0.00
  GTM  7042  3106  INBOUND-NB                      4         0.281         13.930      0.500           0.00           1.95
  GTM  7044  3106  INBOUND                       351        12.869      1,270.230     31.580         152.76           0.00
  GTM  7044  3106  INBOUND-NB                     12         0.515         58.110      1.440           0.00           6.84
  HND  3106  7080  OUTBOUND-NB                     1         0.000          0.000      0.000           0.00           0.00
  HND  3106  7080  OUTBOUND-CREDIT                 5         0.002          0.000      0.020          -0.01           0.00
  HND  7080  3106  INBOUND                        14         1.268        115.850      2.890          14.12           0.00
  HUN  2161  3106  INBOUND                         1         0.002          0.060      0.000           0.00           0.00
  HUN  2161  3106  INBOUND-NB                      3         0.579        193.120      3.280           0.00           7.72
  HUN  2161  3106  INBOUND-TNIC                  443        37.949      7,967.770    203.740         483.39           0.00
  IDN  5101  3106  INBOUND                        36         5.712        582.510     13.010          37.44           0.00
  IDN  5101  3106  INBOUND-NB                      6         0.131         11.040      0.330           0.00           0.93
  IDN  5101  3106  INBOUND-TNIC                  102        11.470      1,270.040     25.720          74.39           0.00
  IND  4042  3106  INBOUND                         9         0.914        213.300      3.990           4.90           0.00
  IND  4042  3106  INBOUND-TNIC                   21         5.302        527.610     17.340          22.64           0.00
  IRL  3106  2724  OUTBOUND-CREDIT                44         4.933        517.280      8.800         -41.22           0.00
  IRL  3106  2724  OUTBOUND-CREDIT-TNIC           89        15.502     10,273.780    160.770        -528.82           0.00
  JAM  3106  3380  OUTBOUND-NB                   183        80.851          0.000      8.570           0.00         161.70
  JAM  3106  3380  OUTBOUND-CREDIT                17         0.020          0.000      0.090          -0.12           0.00
  JAM  3380  3106  INBOUND                      1432       237.462     20,737.560    569.200       2,548.68           0.00
  JAM  3380  3106  INBOUND-NB                   6559        91.215     18,142.380    450.230           0.00       1,996.67
  JPN  3106  4401  OUTBOUND-CREDIT               424        48.683      3,292.540     58.970        -476.35           0.00
  JPN  3106  4406  OUTBOUND-CREDIT-TNIC            2         0.015          0.320      0.060          -0.36           0.00
  JPN  3106  4408  OUTBOUND-CREDIT               485       458.736     26,795.020    464.590      -4,085.69           0.00
  JPN  3106  4408  OUTBOUND-CREDIT-TNIC            1        24.169        112.810      2.520        -118.12           0.00
  JPN  4401  3106  INBOUND                       116         5.895        442.000      9.980          23.41           0.00
  JPN  4408  3106  INBOUND                      1941       226.898     34,154.290    675.740       1,331.30           0.00
  JPN  4408  3106  INBOUND-NB                      2         0.137         66.950      1.120           0.00           1.85
  MCL  2350  3106  INBOUND                       411        68.983     13,609.230    233.460         251.01           0.00
  MCL  2351  3106  INBOUND                      1213       275.539     26,069.010    974.350       2,882.44           0.00
  MEX  3106  3340  OUTBOUND-CREDIT                 1         0.000          0.060      0.000           0.00           0.00
  MOZ  6435  3106  INBOUND                        23         2.280        469.450      9.950           0.00           0.00
  MYS  3106  5021  OUTBOUND-CREDIT               158        22.129      1,183.890     21.550        -196.56           0.00
  NAN  3620  3106  INBOUND                       983      5796.268     17,364.750    433.640      13,329.01           0.00
  NZL  3106  5301  OUTBOUND-CREDIT                 2         5.939         42.210      2.900         -26.53           0.00
  NZL  5301  3106  INBOUND-TNIC                    1         0.042          1.920      0.050           0.09           0.00
  PAN  3106  7141  OUTBOUND-NB                   134         8.856        135.990      7.260           0.00          31.04
  PAN  3106  7141  OUTBOUND-CREDIT               716        10.717      1,139.640     74.620        -405.19           0.00
  PAN  7141  3106  INBOUND                      5476      1010.172     61,946.390  1,410.290       8,184.41           0.00
  PAN  7141  3106  INBOUND-NB                     32        35.752      5,790.510    144.740           0.00         649.48
  PAN  7142  3106  INBOUND                       249        56.241      6,429.510    160.610         755.43           0.00
  PHP  5151  3106  INBOUND                      1036        38.271      9,800.470    214.800         515.69           0.00
  RCA  3106  3136  OUTBOUND-CREDIT                53         4.277        556.910     14.020         -85.80           0.00
  SEN  6081  3106  INBOUND-TNIC                   57         3.252        839.440     19.240          36.55           0.00
  SGP  3106  5252  OUTBOUND-CREDIT               133         4.869      1,478.540     23.580        -106.69           0.00
  SGP  5252  3106  INBOUND                      3959       878.908     53,527.920  1,211.340       2,612.67           0.00
  SRI  4132  3106  INBOUND                       103         1.103        301.070      5.110           7.77           0.00
  SRI  4132  3106  INBOUND-TNIC                  295        22.436      3,255.530     83.330         132.20           0.00
  TAI  3106  4877  OUTBOUND-CREDIT                44         0.808        254.390      7.540        -121.75           0.00
  TAI  4877  3106  INBOUND                         2         0.041          0.040      0.140           0.13           0.00
  TCI  3763  3106  INBOUND-NB                     11         0.045          0.840      0.010           0.00           0.00
  TLX  3106  4873  OUTBOUND-CREDIT                57         1.976        481.560      9.280        -234.49           0.00
  TLX  3106  8010  OUTBOUND                      457        10.369        589.280     13.510          41.93           0.00
  TLX  3106  8020  OUTBOUND                      170         3.068        253.270      5.320          15.24           0.00
  TLX  3106  8030  OUTBOUND                       17         0.332         16.980      0.380           1.27           0.00
  TLX  3106  8231  OUTBOUND                    26356       155.909      8,678.250    232.210         622.08           0.00
  TLX  3106  8231  OUTBOUND-CREDIT                 1         0.001          0.010      0.000           0.00           0.00
  TLX  4873  3106  INBOUND                       238        27.287      3,596.920     84.770         621.39           0.00
  TLX  4873  3106  INBOUND-TNIC                  319        36.715      7,639.550    170.410       1,256.07           0.00
  TNT  3106  3110  OUTBOUND-CREDIT                75        12.960        906.730     41.190        -175.68           0.00
  TRT  3106  3119  OUTBOUND                      935        14.603      5,059.740    131.540         211.30           0.00
  TRT  3106  3119  OUTBOUND-NB                   112        13.262          5.370     17.900           0.00          26.71
  TRT  3106  3119  OUTBOUND-CREDIT              1734       156.106     36,090.650  1,245.480      -4,834.30           0.00
  TRT  3119  3106  INBOUND                       291        43.267     12,542.890    249.200         538.06           0.00
  TRT  3119  3106  INBOUND-NB                     15         1.323        235.330      4.850           0.00          11.11
  TTO  3106  3740  OUTBOUND-NB                    64         1.029          0.020      9.260           0.00          20.58
  TTO  3106  3740  OUTBOUND-CREDIT               101         4.460        531.200     41.950        -278.49           0.00
  TTO  3740  3106  INBOUND                       504       331.835      1,850.760     70.070         803.82           0.00
  TTO  3740  3106  INBOUND-NB                     15         6.802        725.160     18.110           0.00          49.84
  TTO  3745  3106  INBOUND                       346        59.275      3,709.720    169.020         456.59           0.00
  TUN  6050  3106  INBOUND                        45         2.126        193.610      4.010           0.00           0.00
  URG  7482  3106  INBOUND                         1         0.006          0.640      0.020           0.02           0.00
  AUS  5052  3106  INBOUND                         1         0.006          0.240      0.000           0.01           0.00
  AUS  5053  3106  INBOUND                         1         0.024          8.950      0.200           0.23           0.00
  BMU  3503  3106  INBOUND                       796      3408.534      7,514.430    217.230       7,568.51           0.00
  BMU  3503  3106  INBOUND-NB                     23        45.499      2,896.240     72.390           0.00         380.62
  BRB  3106  3423  OUTBOUND-NB                   310         1.497        531.250     17.610           0.00          56.12
  BRB  3106  3423  OUTBOUND-CREDIT               199       158.642      4,557.190    114.530      -2,319.01           0.00
  BRB  3423  3106  INBOUND                       852      1785.868     11,460.200    283.800       4,717.75           0.00
  BRB  3423  3106  INBOUND-NB                     53         8.413        393.710      9.810           0.00          56.19
  CAY  3106  3463  OUTBOUND-NB                   128         1.460          0.000      8.020           0.00           2.92
  CAY  3106  3463  OUTBOUND-CREDIT                20         0.016          0.000      0.460          -0.10           0.00
  CAY  3463  3106  INBOUND                      1184       124.285     11,229.360    280.180       1,371.50           0.00
  CAY  3463  3106  INBOUND-NB                   1348      1846.025      7,162.620    178.480           0.00       4,408.31
  DUS  3106  3151  OUTBOUND-CREDIT               437       231.746     38,803.060  2,430.360      -4,791.76           0.00
  JPN  3106  4406  OUTBOUND-CREDIT-TNIC            3         0.036          0.300      0.010          -0.21           0.00
  MCL  2351  3106  INBOUND                        87        10.257        611.740     14.120          71.43           0.00
  MOR  6041  3106  INBOUND                        61         6.116        341.470     10.900          19.14           0.00
  MOR  6049  3106  INBOUND                       203        12.745        696.160     21.550          38.58           0.00
  NZL  3106  5301  OUTBOUND-CREDIT-TNIC            4         0.343         48.150      1.650          -5.99           0.00
  PHP  5151  3106  INBOUND                        21         0.277         55.540      1.440           3.50           0.00
  SGP  3106  5252  OUTBOUND-CREDIT                95         3.075        840.720     18.180         -79.71           0.00
  SGP  5252  3106  INBOUND                        21         4.140        698.530     12.470          20.76           0.00
  TCI  3763  3106  INBOUND-NB                    325         1.319         26.050      0.420           0.00           2.08
  TRT  3106  3119  OUTBOUND                       99        16.751        874.870     35.990          64.99           0.00
  TRT  3119  3106  INBOUND                         1         0.001          0.500      0.000           0.02           0.00
  BT NORTH AMERICA                                                                                               PAGE    1
  TYMNET                                                                                                         PAGE    1
  AUS  5052  3106  INBOUND                        75         4.784        901.830     19.170          23.96           0.00
  AUS  5053  3106  INBOUND                        44         4.778        697.770     13.390          18.17           0.00
  BHR  4263  3106  INBOUND                        93         8.825      1,727.170     44.060         237.95           0.00
  BLZ  7020  3106  INBOUND                        93         3.040        485.190     11.090          15.89           0.00
  BRB  3423  3106  INBOUND                         2         0.038          4.920      0.120           0.65           0.00
  CHL  7302  3106  INBOUND                      1432       220.406     19,903.800    547.300       1,535.42           0.00
  CHL  7305  3106  INBOUND                       561        68.287      9,465.160    207.910         552.40           0.00
  DMR  3701  3106  INBOUND                       150        18.606      3,463.870     74.980         436.19           0.00
  HKG  4542  3106  INBOUND                         8         3.360        933.120     17.910          43.39           0.00
  ISR  4251  3106  INBOUND                       902        66.965      9,341.430    223.360         571.90           0.00
  JPN  4400  3106  INBOUND                       462        64.090     17,936.410  1,501.520       4,760.94           0.00
  MAN  5156  3106  INBOUND                       671        72.399     14,506.260    271.120         705.12           0.00
  MYS  5021  3106  INBOUND                       578       122.602     12,092.570    272.150         592.11           0.00
  TNT  3106  3110  OUTBOUND-CREDIT               514        49.240      3,627.980     73.070        -687.23           0.00
  TNT  3110  3106  INBOUND                      2923       267.424     37,766.250    781.810       1,894.28           0.00
  TNT  3110  3106  INBOUND-NB                      2         0.133         44.500      0.800           0.00           1.86
  TUR  2862  3106  INBOUND                       193        15.658      1,076.380     26.610          84.54           0.00
  VEN  7341  3106  INBOUND                        71        10.153      2,605.800     57.410          25.33           0.00
  C&W-HONG KONG                                                                                                  PAGE    1
  C&W-HONG KONG                                                                                                  PAGE    1
  BHR  4263  3106  INBOUND                         3         0.208         53.550      1.050           7.21           0.00
  CHN  3106  4602  OUTBOUND-CREDIT                44         0.894          3.030      0.040           0.00           0.00
  CHN  3106  4602  OUTBOUND-CREDIT-TNIC         2168       117.238      9,197.330    276.270           0.00           0.00
  CYP  2802  3106  INBOUND                       399        28.673     13,579.990    259.460           0.00           0.00
  CYP  2802  3106  INBOUND-TNIC                    6         0.997         26.360      0.830           0.00           0.00
  CYP  3106  2802  OUTBOUND-CREDIT-TNIC           32        17.429      1,911.830     50.000           0.00           0.00
  CZE  2301  3106  INBOUND                        87         4.168        590.120     20.540          20.50           0.00
  CZE  2301  3106  INBOUND-NB                      1         0.010          2.980      0.090           0.00           0.08
  CZE  2301  3106  INBOUND-TNIC                  338        20.875      5,277.810    256.520         230.22           0.00
  CZE  3106  2301  OUTBOUND-CREDIT-TNIC            1         0.009          0.270      0.010          -0.07           0.00
  EGY  6020  3106  INBOUND                         3         0.044         11.830      0.280           1.27           0.00
  EGY  6020  3106  INBOUND-TNIC                   48         2.667        676.990     14.640          73.03           0.00
  HKG  4540  3106  INBOUND                       176       152.016     17,124.980    505.460       1,150.58           0.00
  IDN  3106  5101  OUTBOUND-CREDIT               363         5.136         21.750      0.360         -32.99           0.00
  IDN  3106  5101  OUTBOUND-CREDIT-TNIC         9956       167.017      7,727.890    168.000      -2,010.13           0.00
  IND  3106  4042  OUTBOUND-CREDIT                44         0.904          2.630      0.040          -2.84           0.00
  IND  3106  4042  OUTBOUND-CREDIT-TNIC           68        39.413      1,705.230     15.040        -163.38           0.00
  IND  3106  4043  OUTBOUND-CREDIT                 2         0.012          0.120      0.000          -0.04           0.00
  IND  3106  4043  OUTBOUND-CREDIT-TNIC            2         0.001          0.140      0.000           0.00           0.00
  IRL  2724  3106  INBOUND                         2         0.007          0.130      0.000           0.00           0.00
  IRL  2724  3106  INBOUND-TNIC                    4         0.200          5.740      0.180           0.38           0.00
  IRL  3106  2724  OUTBOUND-CREDIT                 5         0.036          0.310      0.000          -0.12           0.00
  IRL  3106  2724  OUTBOUND-CREDIT-TNIC          687       261.275     18,817.780    481.000      -2,226.84           0.00
  ISR  3106  4251  OUTBOUND-CREDIT               102         0.349          6.390      0.100          -2.70           0.00
  ISR  3106  4251  OUTBOUND-CREDIT-TNIC         2742        38.229      4,824.470     87.700        -755.57           0.00
  ISR  4251  3106  INBOUND                       489        65.014     10,457.090    224.120         578.28           0.00
  ISR  4251  3106  INBOUND-TNIC                12858       877.682    134,340.990  3,576.760       8,908.88           0.00
  JPN  3106  4401  OUTBOUND-CREDIT               198         4.893      1,125.910     20.880        -114.04           0.00
  JPN  3106  4408  OUTBOUND-CREDIT                11        61.730        366.850     12.290        -327.57           0.00
  JPN  3106  4408  OUTBOUND-CREDIT-TNIC           17         4.038        347.260      5.870         -43.88           0.00
  JPN  3106  4411  OUTBOUND-CREDIT-TNIC          211        18.476      2,236.550     46.930        -289.41           0.00
  JPN  4408  3106  INBOUND                         1         0.000          0.060      0.000           0.00           0.00
  JPN  4411  3106  INBOUND                         9         3.022        652.290     24.560          40.69           0.00
  JPN  4411  3106  INBOUND-TNIC                 1410       138.086     20,854.180    436.160         846.95           0.00
  KEN  3106  6390  OUTBOUND-CREDIT                 1         0.007          0.060      0.000          -0.04           0.00
  KEN  3106  6390  OUTBOUND-CREDIT-TNIC            3         0.002          0.200      0.000          -0.02           0.00
  KEN  6390  3106  INBOUND                       106        13.844      4,848.780    104.670         192.59           0.00
  KEN  6390  3106  INBOUND-TNIC                  676        28.763      5,663.390    116.110         235.40           0.00
  MCL  3106  2350  OUTBOUND-CREDIT                59         0.039          4.410      0.050          -0.24           0.00
  MCL  3106  2350  OUTBOUND-CREDIT-TNIC          544         5.633      4,175.140     67.440        -181.92           0.00
  MCL  3106  2351  OUTBOUND-CREDIT-TNIC          205       133.395     12,385.860    360.470      -4,115.94           0.00
  MCL  3106  2352  OUTBOUND-CREDIT                 2         0.050          0.110      0.000          -0.18           0.00
  MCL  3106  2352  OUTBOUND-CREDIT-TNIC           39         2.070        391.100     18.220        -123.54           0.00
  MNR  5152  3106  INBOUND                         2         0.003          0.140      0.000           0.00           0.00
  MNR  5152  3106  INBOUND-TNIC                   15         1.168         61.340      1.150           3.77           0.00
  MOR  6041  3106  INBOUND                         5         0.252         21.000      0.590           0.95           0.00
  MOR  6049  3106  INBOUND                       185         8.557        532.100     15.790          27.38           0.00
  MOR  6049  3106  INBOUND-TNIC                    3         0.035          2.010      0.080           0.13           0.00
  MYS  3106  5021  OUTBOUND-CREDIT                13         0.344         53.660      1.040          -6.24           0.00
  NZL  5301  3106  INBOUND                        88         6.527      1,120.250     30.780          37.31           0.00
  NZL  5301  3106  INBOUND-NB                      3         0.334        106.700      1.850           0.00           2.19
  NZL  5301  3106  INBOUND-TNIC                  219        22.326      4,613.270    100.890         123.21           0.00
  PAK  3106  4100  OUTBOUND-CREDIT-TNIC            1         0.003          0.360      0.010          -0.06           0.00
  PHP  3106  5151  OUTBOUND-CREDIT                 1         0.000          0.070      0.000          -0.01           0.00
  PHP  3106  5151  OUTBOUND-CREDIT-TNIC          717        44.146     36,266.230    569.490      -3,714.90           0.00
  SAU  3106  4201  OUTBOUND-CREDIT-TNIC           10         0.572          1.380      0.030          -5.77           0.00
  SAU  4201  3106  INBOUND                       327        30.329      3,651.720     86.450         638.73           0.00
  SAU  4201  3106  INBOUND-NB                      1         0.065         12.070      0.260           0.00           2.00
  SAU  4201  3106  INBOUND-TNIC                 2523       242.789     60,244.880  1,065.570       9,765.03           0.00
  SGP  3106  5252  OUTBOUND-CREDIT               166         0.290          9.860      0.160          -1.70           0.00
  SGP  3106  5252  OUTBOUND-CREDIT-TNIC         5518       294.850     12,131.000    276.050      -2,140.67           0.00
  TLX  3106  4873  OUTBOUND-CREDIT                19         1.010        245.060      4.430         -18.36           0.00
  TUR  2863  3106  INBOUND                         9         0.657         33.270      0.830           1.23           0.00
  TUR  2863  3106  INBOUND-TNIC                  247         7.516        716.230     17.600          20.83           0.00
  UAE  3106  4243  OUTBOUND-CREDIT                 1         0.008          0.050      0.000          -0.07           0.00
  UAE  3106  4243  OUTBOUND-CREDIT-TNIC          994        56.351      4,964.850    132.360      -2,572.28           0.00
  UAE  4243  3106  INBOUND                      2900       351.979     57,840.800  1,317.790       9,380.00           0.00
  UAE  4243  3106  INBOUND-NB                      1         0.015          1.890      0.060           0.00           0.31
  UAE  4243  3106  INBOUND-TNIC                 2207       333.518     42,466.000  1,383.920       7,036.88           0.00
  ZAF  3106  6550  OUTBOUND-CREDIT-TNIC          430        64.129     23,983.300    402.300      -2,756.57           0.00
  ZAF  6550  3106  INBOUND                       467        51.271      6,537.820    170.710         437.29           0.00
  ZAF  6550  3106  INBOUND-TNIC                 1210        65.179      8,419.540    215.460         552.81           0.00
  DATA MANAGEMENT CO                                                                                             PAGE    1
  JAMAICA                                                                                                        PAGE    1
  TRINIDAD                                                                                                       PAGE    1
  PANAMA                                                                                                         PAGE    1
  BARBADOS                                                                                                       PAGE    1
  CAYMAN ISLANDS                                                                                                 PAGE    1
  PHILIPPINES GLOBAL COMM. INC.                                                                                  PAGE    1
  PHILIPPINES                                                                                                    PAGE    1
  PUERTO RICO                                                                                                    PAGE    1
  COSTA RICA                                                                                                     PAGE    1
  COSTA RICA                                                                                                     PAGE    1
  Z@,