  ARG  3106  7222  OUTBOUND-CREDIT               231       305.778      5,552.760    130.540      -2,617.91           0.00
  ARG  3106  7222  OUTBOUND-CREDIT-TNIC           14         7.196         94.160      2.240         -56.66           0.00
  ARG  7222  3106  INBOUND                      5847       537.574     81,138.010  1,731.500       4,538.15           0.00
  ARG  7222  3106  INBOUND-NB                     17         1.092        226.860      4.250           0.00          10.68
  AUS  3106  5052  OUTBOUND-CREDIT                 1         0.012          0.370      0.050          -0.21           0.00
  AUS  3106  5053  OUTBOUND                        2         0.155          8.950      0.230           0.38           0.00
  AUS  3106  5053  OUTBOUND-CREDIT                 2         0.091          7.640      0.130          -0.68           0.00
  AUS  5052  3106  INBOUND                      2025       210.171     32,940.260    715.360         925.53           0.00
  AUS  5053  3106  INBOUND                      1106        97.607     19,835.470    409.710         507.31           0.00
  AUS  5053  3106  INBOUND-NB                      8         0.110         24.560      0.760           0.00           0.87
  BHR  3106  4263  OUTBOUND-NB                   158         3.823          0.000     11.480           0.00           9.55
  BHR  3106  4263  OUTBOUND-CREDIT                42         4.605        232.710     31.810        -121.80           0.00
  BHR  4263  3106  INBOUND                      2601       305.146     29,921.770    838.110       4,502.99           0.00
  BHR  4263  3106  INBOUND-NB                    182        52.510      6,072.580    153.310           0.00         890.34
  BMU  3106  3503  OUTBOUND                        5         3.062         59.390      1.260          12.06           0.00
  BMU  3106  3503  OUTBOUND-NB                    31         0.233          0.000      2.940           0.00           0.46
  BMU  3106  3503  OUTBOUND-CREDIT                21         2.603         88.960      2.080         -42.30           0.00
  BMU  3503  3106  INBOUND                       896       998.372      6,573.750    174.080       2,654.12           0.00
  BMU  3503  3106  INBOUND-NB                     41        63.756      2,363.420     59.130           0.00         363.85
  BUL  2841  3106  INBOUND-NB                      1         0.122         16.360      0.320           0.00           0.37
  CHL  3106  7305  OUTBOUND                      142        81.803     10,961.540    300.920         765.44           0.00
  CHL  7303  3106  INBOUND                        68         6.815        905.280     17.400          48.44           0.00
  CHN  4602  3106  INBOUND                         3         1.161         55.650      1.280          11.83           0.00
  CHN  4602  3106  INBOUND-TNIC                    3         0.072          6.570      0.160           1.20           0.00
  COL  3106  7322  OUTBOUND                       19         1.301        118.070      3.000           4.30           0.00
  COL  3106  7322  OUTBOUND-CREDIT               113         4.073        316.710      6.200         -30.82           0.00
  COL  7322  3106  INBOUND                      1481       284.969     34,766.310    673.400         958.37           0.00
  COL  7322  3106  INBOUND-NB                      2         0.392         99.770      1.530           0.00           1.92
  COL  7322  3106  INBOUND-TNIC                   21         4.155        300.400      7.270          11.42           0.00
  CZE  2301  3106  INBOUND-TNIC                    1         0.012          3.560      0.100           0.09           0.00
  DPC  3106  3020  OUTBOUND-CREDIT               299        72.317      4,939.010    108.790        -597.77           0.00
  DPC  3106  3025  OUTBOUND-NB                     1         0.013          0.080      0.000           0.00           0.01
  DPC  3106  3025  OUTBOUND-CREDIT                 7         0.046          0.460      0.000          -0.14           0.00
  DPC  3106  3025  OUTBOUND-CREDIT-TNIC            1         0.003          0.090      0.000          -0.01           0.00
  HKG  3106  4542  OUTBOUND                       13         0.898         51.220      0.980           3.28           0.00
  HKG  3106  4542  OUTBOUND-CREDIT                 4         0.257         11.330      0.210          -2.46           0.00
  HKG  3106  4545  OUTBOUND                        2         0.055          2.020      0.060           0.20           0.00
  HKG  3106  4545  OUTBOUND-CREDIT                 2         0.073          2.080      0.060          -0.74           0.00
  HUN  2161  3106  INBOUND-TNIC                    2         0.154         41.060      0.820           1.95           0.00
  HUN  3106  2161  OUTBOUND-CREDIT-TNIC            1         0.001          0.070      0.000          -0.01           0.00
  IND  4042  3106  INBOUND                      4271       581.752     55,549.670  1,714.780       2,296.53           0.00
  IND  4042  3106  INBOUND-NB                     26         1.255        296.640      5.750           0.00           7.00
  IND  4043  3106  INBOUND                        59         3.339        451.830     10.530          13.87           0.00
  IND  4043  3106  INBOUND-NB                     21         0.669        225.110      4.330           0.00           5.00
  IRL  2724  3106  INBOUND                      4561       396.653     38,240.870    801.190       1,197.84           0.00
  IRL  2724  3106  INBOUND-NB                      5         0.288        101.750      1.530           0.00           1.82
  IRL  3106  2724  OUTBOUND                       77        11.402      1,750.810     68.780          80.18           0.00
  IRL  3106  2724  OUTBOUND-CREDIT                45         5.467        796.120     13.410         -56.64           0.00
  IRL  3106  2724  OUTBOUND-TNIC                  79        10.371      1,589.540     26.510          36.88           0.00
  IRL  3106  2724  OUTBOUND-CREDIT-TNIC           64         8.863      1,883.680     31.350        -120.64           0.00
  ISR  4251  3106  INBOUND                         4         1.360         77.870      2.500           6.28           0.00
  JPN  3106  4401  OUTBOUND                       27        40.931      1,213.730     26.100          98.88           0.00
  JPN  3106  4401  OUTBOUND-CREDIT               185        55.188      2,016.470     36.540        -405.91           0.00
  JPN  3106  4406  OUTBOUND                        1         0.004          0.140      0.000           0.00           0.00
  JPN  3106  4408  OUTBOUND                      140         5.996      6,645.200    135.670         208.95           0.00
  JPN  3106  4408  OUTBOUND-CREDIT               138        69.329      3,865.220     71.790        -624.45           0.00
  JPN  4410  3106  INBOUND                       179        31.611      4,127.420     77.840         161.43           0.00
  KOR  4500  3106  INBOUND                       880        71.494      8,884.740    210.420         281.92           0.00
  MAN  3106  5156  OUTBOUND-NB                    65         0.046          0.060      0.240           0.00           0.58
  MAN  3106  5156  OUTBOUND-CREDIT                20         0.003          0.020      0.000          -0.02           0.00
  MAN  5156  3106  INBOUND                       609        30.492      2,837.600     70.640         209.87           0.00
  MAN  5156  3106  INBOUND-NB                    174         6.056        539.890     13.400           0.00          40.43
  MCL  2350  3106  INBOUND                         2         0.008          0.070      0.000           0.00           0.00
  MCL  3106  2350  OUTBOUND-CREDIT                 3         0.023          0.150      0.000          -0.06           0.00
  MEX  3106  3340  OUTBOUND-CREDIT                 1         0.952        137.460      2.570         -18.14           0.00
  MNR  3106  5152  OUTBOUND                      132        11.181      1,895.210    169.780         294.05           0.00
  MNR  5152  3106  INBOUND                      1737        86.393      8,355.330    238.290         527.54           0.00
  MNR  5152  3106  INBOUND-NB                      2         0.119         22.470      0.460           0.00           0.95
  MOR  6049  3106  INBOUND                        75         2.156        171.160      5.920           9.09           0.00
  MYS  3106  5021  OUTBOUND                      492        85.043      2,181.900     40.880         188.88           0.00
  MYS  3106  5021  OUTBOUND-CREDIT               294        34.859      1,228.300     23.090        -260.77           0.00
  MYS  5021  3106  INBOUND                       638       139.691     12,731.700    283.510         634.79           0.00
  MYS  5021  3106  INBOUND-NB                      2         0.432         60.250      1.160           0.00           2.39
  PAK  4100  3106  INBOUND                       119        22.663      6,258.710    102.820         125.48           0.00
  PER  3106  7160  OUTBOUND-NB                     1         0.014          0.070      0.000           0.00           0.04
  PER  3106  7160  OUTBOUND-CREDIT               123       436.357     36,046.630    686.270     -16,790.15           0.00
  PER  7160  3106  INBOUND                      1780       302.733     54,844.680  1,013.260       7,612.35           0.00
  RCA  3106  3113  OUTBOUND                       22         1.674        101.680      2.960           7.00           0.00
  RCA  3106  3113  OUTBOUND-CREDIT-TNIC            1         0.036          0.120      0.010          -0.23           0.00
  RCA  3106  3136  OUTBOUND-CREDIT                69         4.445        469.600      8.790         -77.38           0.00
  SAU  3106  4201  OUTBOUND                      699        71.129      6,082.070     97.190       1,125.69           0.00
  SAU  4201  3106  INBOUND                         1         0.015          0.310      0.110           0.09           0.00
  SEN  6081  3106  INBOUND-TNIC                   29         1.212        247.650      6.170          12.01           0.00
  SGP  3106  5252  OUTBOUND                        2         0.048         31.430      0.570           0.77           0.00
  SGP  3106  5252  OUTBOUND-CREDIT                 5         0.712        105.050      1.920          -9.88           0.00
  TAI  3106  4877  OUTBOUND                      152         0.741        188.420      5.360          12.01           0.00
  TAI  3106  4877  OUTBOUND-CREDIT                26         0.420        117.490      3.720         -24.50           0.00
  TAI  4877  3106  INBOUND                       142        25.233      8,751.940    155.430         355.91           0.00
  TCI  3106  3763  OUTBOUND-CREDIT                17         0.002          0.000      0.000          -0.01           0.00
  TCI  3763  3106  INBOUND-NB                    328         1.440         25.460      0.420           0.00           5.42
  THA  3106  5201  OUTBOUND-CREDIT                16         1.612        169.510      3.100         -50.35           0.00
  TLX  3106  4873  OUTBOUND                      142         1.082        231.980      4.580          11.14           0.00
  TLX  3106  4873  OUTBOUND-CREDIT               112         2.122        470.510      8.620         -63.49           0.00
  TLX  4873  3106  INBOUND                        22         2.559        749.280     19.410          43.28           0.00
  TNT  3106  3110  OUTBOUND                       14         1.688        351.780     11.100          16.04           0.00
  TNT  3106  3110  OUTBOUND-CREDIT                55        11.281        574.640     28.080        -129.74           0.00
  TNT  3106  3110  OUTBOUND-CREDIT-TNIC           15         2.108          5.550      0.150         -13.24           0.00
  TNT  3110  3106  INBOUND                         3         0.023          0.080      0.000           0.05           0.00
  TUN  6050  3106  INBOUND-TNIC                    8         0.312         19.170      0.460           0.00           0.00
  TUR  2863  3106  INBOUND                      4830       266.338     34,924.360    813.570         896.06           0.00
  TUR  2863  3106  INBOUND-NB                      4         0.172         29.050      0.640           0.00           0.67
  TUR  3106  2863  OUTBOUND-CREDIT               200         5.546      2,586.230     40.040        -113.49           0.00
  TUR  3106  2863  OUTBOUND-CREDIT-TNIC            1         0.018         12.300      0.180          -0.51           0.00
  URG  7482  3106  INBOUND                        36         0.539         54.490      1.590           3.94           0.00
  WAG  3106  3149  OUTBOUND-CREDIT               114        10.134      1,699.820     27.530        -244.37           0.00
  WAG  3149  3106  INBOUND                         5         0.057          0.020      0.000           0.11           0.00
  WUI  3104  3106  INBOUND                     12727       324.838     52,005.630  1,010.250       2,521.26           0.00
  WUI  3104  3106  INBOUND-NB                      7         0.485        163.980      4.080           0.00           6.87
  WUI  3104  3106  INBOUND-TNIC                   12         2.782      1,755.180     33.190          68.75           0.00
  WUI  3106  3104  OUTBOUND                     3186       706.548     74,603.120  2,187.310       4,098.65           0.00
  WUI  3106  3104  OUTBOUND-NB                   545       285.036      1,271.830     80.410           0.00         615.85
  WUI  3106  3104  OUTBOUND-CREDIT             22705      4973.843    276,706.000  6,065.340     -59,725.67           0.00
  ZAF  3106  6550  OUTBOUND-CREDIT                 2         0.074          0.110      0.000          -0.45           0.00
  ZAF  3106  6550  OUTBOUND-CREDIT-TNIC           16         1.207        104.950      3.270         -26.49           0.00
  ARG  3106  7222  OUTBOUND-NB                    59         0.152          0.000      1.790           0.00           0.37
  ARG  3106  7222  OUTBOUND-CREDIT                 9         0.001          0.000      0.040          -0.01           0.00
  ARG  7220  3106  INBOUND                       736       146.387      9,374.450    216.220       1,537.74           0.00
  ARG  7222  3106  INBOUND                       394        33.313      3,348.050     71.060         501.77           0.00
  ARG  7222  3106  INBOUND-NB                     10         6.855         37.630      0.940           0.00          21.84
  ATG  3106  3443  OUTBOUND-NB                   126         1.037          0.000      8.900           0.00           2.07
  ATG  3106  3443  OUTBOUND-CREDIT                19         0.200          0.000      8.980          -1.20           0.00
  ATG  3443  3106  INBOUND                       375        13.441      2,606.220     59.250         235.36           0.00
  ATT  3106  3134  OUTBOUND                        2         0.199          7.730      0.160           0.22           0.00
  ATT  3106  3134  OUTBOUND-CREDIT              1154        89.807      3,563.670     89.200        -322.14           0.00
  ATT  3134  3106  INBOUND                      1784       125.581      7,385.790    152.040         166.49           0.00
  ATT  3134  3106  INBOUND-NB                      1         0.044         10.350      0.180           0.00           0.13
  AUS  5052  3106  INBOUND                       347        27.793      5,189.360    111.000         138.79           0.00
  AUS  5053  3106  INBOUND                       186        11.663      3,221.080     64.540          76.20           0.00
  BHR  3106  4263  OUTBOUND-NB                   129        50.075          0.000     15.020           0.00         125.18
  BHR  3106  4263  OUTBOUND-CREDIT                61         2.967        127.830     77.690         -70.19           0.00
  BHR  4263  3106  INBOUND                      3120       342.512     36,099.720    984.110       5,368.62           0.00
  BHR  4263  3106  INBOUND-NB                    157        22.559      1,648.680     41.970           0.00         262.47
  BLZ  7020  3106  INBOUND                       118         5.123        648.240     14.600          22.18           0.00
  BLZ  7020  3106  INBOUND-NB                      4         0.170         57.230      1.050           0.00           1.37
  BMU  3106  3503  OUTBOUND-CREDIT                20         0.962        104.970      2.120         -37.26           0.00
  BMU  3503  3106  INBOUND                         4         0.122          1.630      0.070           0.40           0.00
  BMU  3503  3106  INBOUND-NB                      1         0.013          2.850      0.080           0.00           0.31
  BMU  3503  3106  INBOUND-TNIC                    2         0.025          0.370      0.000           0.08           0.00
  BRA  3106  7241  OUTBOUND-CREDIT                19        44.092         37.260      1.810        -344.66           0.00
  BRA  7240  3106  INBOUND                         2         0.323         53.870      1.270           7.54           0.00
  BRA  7241  3106  INBOUND                         5         0.672         28.350      0.670           5.22           0.00
  BVI  3106  3483  OUTBOUND-CREDIT                 1         0.000          0.000      0.000           0.00           0.00
  BVI  3483  3106  INBOUND                         9         1.751        188.750      4.700          25.61           0.00
  BVI  3483  3106  INBOUND-NB                     32         0.143          3.000      0.060           0.00           0.69
  CHN  4602  3106  INBOUND                      1780       232.245     16,148.600    350.730       3,118.98           0.00
  COL  7322  3106  INBOUND                      1425       253.311     18,363.750    386.690       1,260.74           0.00
  COL  7322  3106  INBOUND-NB                      6         0.610         83.320      1.450           0.00           4.07
  DAM  4150  3106  INBOUND                         1         0.002          0.070      0.000           0.01           0.00
  DAM  4150  3106 UND-TNIC                    2         0.010          0.650      0.030           0.07           0.00
  DMR  3106  3700  OUTBOUND-CREDIT                19         0.003          0.000      0.000          -0.02           0.00
  DMR  3700  3106  INBOUND                       164        23.806      5,678.750    141.890         698.37           0.00
  DMR  3700  3106  INBOUND-NB                      4         0.218         16.790      0.410           0.00           2.43
  DMR  3701  3106  INBOUND                        25         0.256         10.670      0.490           1.84           0.00
  DOM  3101  3106  INBOUND                      1185        26.393      1,261.450     32.780          98.15           0.00
  DOM  3101  3106  INBOUND-NB                      2         0.153         43.290      0.750           0.00           1.86
  DOM  3106  3101  OUTBOUND                        4         0.091          7.620      0.210           0.45           0.00
  DOM  3106  3101  OUTBOUND-CREDIT                 5         0.136          1.740      0.050          -1.00           0.00
  DPC  3025  3106  INBOUND                         3         0.150          9.990      0.350           0.21           0.00
  DPC  3028  3106  INBOUND                       480        52.606     11,563.820    247.050         170.96           0.00
  DPC  3028  3106  INBOUND-NB                      2         0.065          4.940      0.170           0.00           0.10
  DPC  3106  3020  OUTBOUND-CREDIT                63        12.355        973.810     20.300         -59.06           0.00
  HKG  3106  4542  OUTBOUND-CREDIT                 4         0.199         12.270      0.230          -2.75           0.00
  HKG  4542  3106  INBOUND                      2805       275.904     62,465.980  1,189.440       2,999.56           0.00
  HKG  4546  3106  INBOUND                         1         0.004          1.530      0.040           0.09           0.00
  IDN  3106  5101  OUTBOUND-CREDIT                12         0.303         17.780      0.370          -4.05           0.00
  IDN  5101  3106  INBOUND                      3290       416.703     37,356.950  1,112.300       3,058.01           0.00
  IDN  5101  3106  INBOUND-NB                     57         7.515      1,263.080     40.460           0.00          95.95
  IRL  3106  2724  OUTBOUND-CREDIT                29         3.413        356.390      6.150         -28.70           0.00
  IRL  3106  2724  OUTBOUND-CREDIT-TNIC           34         4.771      1,929.510     30.750        -106.56           0.00
  ISR  4251  3106  INBOUND                      3527       249.535     33,565.660    840.920       2,180.91           0.00
  ITT  3103  3106  INBOUND                        15         0.792         80.830      1.770           4.49           0.00
  ITT  3106  3103  OUTBOUND                        5         0.015          0.380      0.000           0.04           0.00
  ITT  3106  3103  OUTBOUND-NB                     1         0.004          0.100      0.000           0.00           0.01
  ITT  3106  3103  OUTBOUND-CREDIT                11         0.128          2.080      0.160          -0.99           0.00
  ITT  3106  3107  OUTBOUND-NB                    77         3.205          0.020     12.580           0.00           6.41
  ITT  3106  3107  OUTBOUND-CREDIT                46         1.576          0.310     81.030          -9.49           0.00
  JAM  3380  3106  INBOUND                      3891       396.090     21,123.690    513.140       1,022.71           0.00
  JPN  3106  4401  OUTBOUND-CREDIT               170        24.302      1,568.740     27.800        -230.55           0.00
  JPN  3106  4408  OUTBOUND-CREDIT                68        76.670      4,074.740     77.120        -680.52           0.00
  JPN  4401  3106  INBOUND                       277        12.447      1,088.070     23.250          52.64           0.00
  JPN  4408  3106  INBOUND                      2724       390.316     32,036.710    676.100       1,572.84           0.00
  JPN  4408  3106  INBOUND-NB                      1         0.046         13.890      0.270           0.00           0.47
  KOR  3106  4501  OUTBOUND-CREDIT                 1         0.060          2.350      0.180          -0.92           0.00
  KOR  4500  3106  INBOUND                       154         2.891        531.930     11.250          48.33           0.00
  KOR  4501  3106  INBOUND                        11         0.481         21.950      1.310           2.71           0.00
  MNI  3106  5154  OUTBOUND-NB                    79        12.195         21.650      6.290           0.00          39.83
  MNI  3106  5154  OUTBOUND-CREDIT                48         0.006          0.000      0.040          -0.05           0.00
  MNI  3106  5154  OUTBOUND-CREDIT-TNIC            2         0.020          0.960      0.070          -0.61           0.00
  MNI  5154  3106  INBOUND                      3178       324.057     50,295.990  1,235.130       8,516.48           0.00
  MNI  5154  3106  INBOUND-NB                    126        21.469      4,092.500    102.280           0.00         678.27
  MYS  3106  5021  OUTBOUND-CREDIT               167        33.490        859.920     16.560        -225.26           0.00
  NAN  3620  3106  INBOUND                         1         0.033          0.640      0.050           0.13           0.00
  NAN  3620  3106  INBOUND-NB                      1         0.024          4.440      0.130           0.00           0.49
  NYX  3106  3144  OUTBOUND-CREDIT               278         5.989         97.370      2.840         -46.43           0.00
  NZL  3106  5301  OUTBOUND-CREDIT                 1         0.120         26.330      0.850          -2.91           0.00
  NZL  5301  3106  INBOUND                      3320       308.730     53,390.230  1,277.600       1,586.33           0.00
  NZL  5301  3106  INBOUND-NB                      2         0.453         87.310      1.670           0.00           2.13
  PAR  3106  7447  OUTBOUND-NB                   123         1.523          4.900      3.890           0.00           5.41
  PAR  3106  7447  OUTBOUND-CREDIT                 1         0.001          0.000      0.030          -0.09           0.00
  PAR  7447  3106  INBOUND                       551        49.450      6,897.900    172.510         221.96           0.00
  PAR  7447  3106  INBOUND-NB                     15         1.175        212.610      5.360           0.00           6.53
  PRI  3106  3300  OUTBOUND-NB                    75        26.897        999.620     23.980           0.00         179.69
  PRI  3106  3300  OUTBOUND-CREDIT                26         0.482        831.630     21.230        -284.29           0.00
  PRI  3300  3106  INBOUND                       125        27.341      9,455.990    222.560       1,132.14           0.00
  QAT  4271  3106  INBOUND                        67         6.091        357.840      9.890          33.48           0.00
  SEN  6081  3106  INBOUND-TNIC                   47         1.911        434.720     10.810          25.44           0.00
  SGP  3106  5252  OUTBOUND-CREDIT                 1         0.005          1.230      0.020          -0.12           0.00
  SGP  5252  3106  INBOUND                        76         5.790        448.760     11.660          21.81           0.00
  SMA  2922  3106  INBOUND-TNIC                    1         0.014          1.470      0.040           0.00           0.00
  SRI  4132  3106  INBOUND-TNIC                    2         0.165         22.730      0.580           0.94           0.00
  TAI  3106  4877  OUTBOUND-CREDIT                16         0.300         98.230      2.780         -46.90           0.00
  TAI  4877  3106  INBOUND                      2904       291.059     52,255.800  1,139.390       8,711.47           0.00
  TCI  3106  3763  OUTBOUND-NB                     1         0.000          0.000      0.000           0.00           0.00
  TCI  3106  3763  OUTBOUND-CREDIT                 2         0.000          0.000      0.000           0.00           0.00
  TGL  3026  3106  INBOUND                       607        42.440      3,507.980    112.560         177.81           0.00
  TGL  3026  3106  INBOUND-NB                      1         0.038          2.000      0.070           0.00           0.12
  TLX  3106  4872  OUTBOUND-CREDIT                49        13.584      2,420.840     40.130      -1,211.63           0.00
  TLX  3106  4873  OUTBOUND-CREDIT                65         0.662        115.700      2.480         -58.03           0.00
  TLX  4872  3106  INBOUND                      2425       283.316     17,854.790    494.070       3,528.11           0.00
  TLX  4873  3106  INBOUND                      2153       283.760     59,060.660  1,302.310       9,710.32           0.00
  URG  7482  3106  INBOUND                       810        70.869     10,042.910    230.900         594.44           0.00
  URG  7482  3106  INBOUND-NB                     15         0.625         91.220      2.170           0.00           5.50
  ZAF  3106  6550  OUTBOUND-CREDIT                87         9.013      1,003.720     32.610        -246.02           0.00
  ZAF  6550  3106  INBOUND                      1709       235.416     18,995.690    504.650       1,457.84           0.00
  BHR  3106  4263  OUTBOUND-NB                    56         2.784          0.000      3.050           0.00           6.96
  BHR  3106  4263  OUTBOUND-CREDIT                56         5.224        242.780     31.970        -130.22           0.00
  BHR  4263  3106  INBOUND                       261        15.352      2,526.120     42.490         354.13           0.00
  BMU  3106  3503  OUTBOUND-CREDIT                 9         0.024         20.060      0.330          -6.16           0.00
  CHL  3106  7302  OUTBOUND-CREDIT               111         3.887      1,116.710     20.050        -447.91           0.00
  CHL  7303  3106  INBOUND                       496        87.169      9,354.560    200.110       1,387.22           0.00
  CHL  7305  3106  INBOUND                         4         0.295         63.610      1.090           8.69           0.00
  CRI  7122  3106  INBOUND-NB                      3         0.104         14.650      0.390           0.00           0.56
  CRI  7129  3106  INBOUND                      1362        69.709      6,759.420    175.950         276.31           0.00
  DPC  3106  3020  OUTBOUND-CREDIT                49         6.893        424.630     11.060         -28.76           0.00
  HKG  3106  4542  OUTBOUND-CREDIT                31         0.461         31.050      1.140          -9.97           0.00
  HKG  4542  3106  INBOUND                      2124       195.013     36,911.640    712.740       1,864.19           0.00
  HKG  4544  3106  INBOUND                         6         0.068          0.300      0.000           0.16           0.00
  HKG  4545  3106  INBOUND                        69         2.762        427.740     10.500          27.21           0.00
  IDN  5101  3106  INBOUND                         8         1.034         38.160      1.630           5.33           0.00
  IDN  5101  3106  INBOUND-TNIC                   12         0.815         96.920      2.580           6.79           0.00
  IRL  3106  2724  OUTBOUND-CREDIT                29         3.199        314.690      5.500         -26.11           0.00
  IRL  3106  2724  OUTBOUND-CREDIT-TNIC           35         4.459        458.390      7.860         -36.96           0.00
  JPN  3106  4401  OUTBOUND-NB                     2         0.040          0.240      0.010           0.00           0.07
  JPN  3106  4401  OUTBOUND-CREDIT               205        78.436      2,136.150     40.610        -526.77           0.00
  JPN  3106  4408  OUTBOUND-NB                     1         0.014          0.240      0.000           0.00           0.02
  JPN  3106  4408  OUTBOUND-CREDIT                68        54.161      1,686.030     36.250        -400.10           0.00
  JPN  4401  3106  INBOUND                       205        15.577      1,174.050     30.470          67.92           0.00
  JPN  4408  3106  INBOUND                      5073       641.445     66,556.600  1,437.810       3,066.65           0.00
  MAN  5156  3106  INBOUND                      1798       163.594     26,503.250    666.140       1,700.30           0.00
  MNR  3106  5152  OUTBOUND-NB                   292        16.257         99.720     48.600           0.00         105.39
  MNR  3106  5152  OUTBOUND-CREDIT               249         7.849        259.370    114.800        -597.91           0.00
  MNR  3106  5152  OUTBOUND-CREDIT-TNIC            2         0.012          0.180      0.000          -0.06           0.00
  MNR  5152  3106  INBOUND                      4231       541.423     26,206.660    626.680       1,897.98           0.00
  MNR  5152  3106  INBOUND-NB                    123        34.370      1,499.300     36.860           0.00         115.74
  MYS  3106  5021  OUTBOUND-CREDIT               165        31.466        741.370     13.540        -202.55           0.00
  NAN  3106  3620  OUTBOUND-NB                    68         0.597          0.380      5.200           0.00           1.53
  NAN  3106  3620  OUTBOUND-CREDIT                13         0.005          0.000      0.060          -0.04           0.00
  NAN  3620  3106  INBOUND                       714       966.641     18,679.790    467.420       4,518.04           0.00
  NAN  3620  3106  INBOUND-NB                     12         3.483        111.260      3.710           0.00          21.22
  RCA  3106  3113  OUTBOUND-NB                   153         2.492          0.600     19.080           0.00           5.00
  RCA  3106  3113  OUTBOUND-CREDIT                84         2.869          0.190    140.460         -17.23           0.00
  RCA  3106  3136  OUTBOUND-NB                     1         0.011          0.240      0.020           0.00           0.03
  RCA  3113  3106  INBOUND                       260        47.685     11,508.470    238.970         509.66           0.00
  RCA  3113  3106  INBOUND-NB                      3         0.223         31.050      0.770           0.00           1.56
  SAU  3106  4201  OUTBOUND-CREDIT               682        73.423      6,144.240    102.660      -3,425.71           0.00
  SAU  4201  3106  INBOUND                       287        27.625      6,617.440    147.270       1,075.48           0.00
  SGP  3106  5252  OUTBOUND-CREDIT                 5         0.101         84.730      1.520          -6.08           0.00
  SGP  5252  3106  INBOUND                      3928       539.007     40,698.140  1,058.860       1,997.18           0.00
  SGP  5252  3106  INBOUND-NB                      2         0.203         37.410      1.300           0.00           1.88
  SRI  4132  3106  INBOUND                         2         0.014          0.210      0.000           0.02           0.00
  SRI  4132  3106  INBOUND-TNIC                  353        28.404      4,676.440    100.550         161.18           0.00
  TAI  3106  4877  OUTBOUND-NB                     3         0.038          2.990      0.100           0.00           0.56
  TAI  3106  4877  OUTBOUND-CREDIT                11         0.201         55.210      1.830         -26.66           0.00
  TAI  4877  3106  INBOUND                       712        82.537     12,269.960    279.300       2,088.08           0.00
  TAI  4877  3106  INBOUND-NB                      1         0.010          2.890      0.090           0.00           0.46
  TCI  3106  3763  OUTBOUND-CREDIT                 2         0.001          0.000      0.000           0.00           0.00
  THA  5201  3106  INBOUND                      4274       785.355    115,538.530  2,442.490      10,813.62           0.00
  THA  5201  3106  INBOUND-NB                     16         0.946        135.890      2.830           0.00          12.76
  TLX  3106  4873  OUTBOUND-CREDIT                74         1.163        255.660      5.470        -125.51           0.00
  TLX  4872  3106  INBOUND                        18         0.641         58.210      1.530          10.65           0.00
  TLX  4873  3106  INBOUND                         2         0.042          0.460      0.080           0.19           0.00
  TLX  4873  3106  INBOUND-TNIC                    2         0.103         26.570      0.700           4.29           0.00
  TNT  3106  3110  OUTBOUND-CREDIT                68        14.993      1,030.880     45.320        -201.29           0.00
  UAE  4243  3106  INBOUND                        22         8.454        503.470     10.460          37.83           0.00
  WUI  3106  3104  OUTBOUND-NB                     1         0.028          0.120      0.010           0.00           0.06
  ANG  6315  3106  INBOUND                        30         1.838        110.970      3.740           9.06           0.00
  AUS  5052  3106  INBOUND                       527        61.469      9,072.190    202.030         263.50           0.00
  AUS  5053  3106  INBOUND                       269        25.257      3,765.440     78.740         104.00           0.00
  AUS  5053  3106  INBOUND-NB                      4         0.057          8.860      0.290           0.00           0.35
  BHR  3106  4263  OUTBOUND-NB                    27         1.341          0.000      5.780           0.00           3.35
  BHR  3106  4263  OUTBOUND-CREDIT                34         2.190         65.600     28.230         -41.02           0.00
  BHR  4263  3106  INBOUND                      2861       325.359     32,643.880    908.870       4,893.77           0.00
  BHR  4263  3106  INBOUND-NB                    173        26.979      1,551.300     41.980           0.00         261.35
  BHS  3106  3640  OUTBOUND-CREDIT               130         1.936        684.670     11.530        -217.02           0.00
  BHS  3640  3106  INBOUND                      1061       545.328     12,294.810    306.120       2,320.13           0.00
  BHS  3640  3106  INBOUND-NB                   5815        95.294      1,954.060     45.640           0.00         385.99
  BMU  3106  3503  OUTBOUND-NB                    26         0.183          0.000      2.360           0.00           0.36
  BMU  3106  3503  OUTBOUND-CREDIT                33         2.742        116.500      3.330         -51.40           0.00
  BRB  3423  3106  INBOUND                        21         1.249        159.480     13.310          18.44           0.00
  BUL  2841  3106  INBOUND                        14         0.417         60.870      2.140           2.12           0.00
  BUL  2841  3106  INBOUND-NB                     23         0.866        240.170      4.780           0.00           4.68
  BUL  2841  3106  INBOUND-TNIC                   31         1.673        386.670      6.670           6.92           0.00
  CAM  6242  3106  INBOUND                        36         2.222        574.530      9.560          19.15           0.00
  CAY  3463  3106  INBOUND                       203         8.726      1,112.900     30.230         128.74           0.00
  CHD  6222  3106  INBOUND                        21         0.886        166.820      3.040           6.38           0.00
  COL  7322  3106  INBOUND                      1711       342.781     41,403.630    804.520       1,147.30           0.00
  COL  7322  3106  INBOUND-NB                      9         1.052        287.400      6.260           0.00           7.31
  COL  7322  3106  INBOUND-TNIC                  462        64.053      5,951.550    115.940         180.00           0.00
  CPS  3132  3106  INBOUND                        21         2.000        536.930      9.160          23.32           0.00
  CRI  7122  3106  INBOUND                         1         0.038          2.560      0.060           0.11           0.00
  CRI  7129  3106  INBOUND                        42         4.861        572.310     13.520          20.68           0.00
  CSC  3106  3137  OUTBOUND-CREDIT                16         7.805        196.070      3.960         -68.01           0.00
  CZE  2301  3106  INBOUND                        53         1.235        171.170      4.030           4.36           0.00
  CZE  2301  3106  INBOUND-NB                      1         0.156         42.210      0.810           0.00           0.80
  CZE  2301  3106  INBOUND-TNIC                   65         3.215      1,160.090     22.450          21.30           0.00
  DPC  3106  3028  OUTBOUND-CREDIT               185         0.692        213.500      3.780         -15.99           0.00
  EGY  6020  3106  INBOUND                      1429       138.124     23,971.810    563.250       2,673.43           0.00
  EGY  6020  3106  INBOUND-NB                      5         0.354        141.420      2.440           0.00          14.85
  FTC  3124  3106  INBOUND                       138      1510.577     12,525.710    396.800       3,472.07           0.00
  GTM  7042  3106  INBOUND                       196         8.928      1,266.730     32.660         144.53           0.00
  GTM  7042  3106  INBOUND-NB                      1         0.074          7.970      0.240           0.00           0.94
  GTM  7042  3106  INBOUND-TNIC                    2         0.058          3.040      0.110           0.42           0.00
  GTM  7044  3106  INBOUND                       380        11.647      1,256.450     31.220         148.94           0.00
  GTM  7044  3106  INBOUND-NB                     11         2.254        359.780      8.990           0.00          40.48
  HKG  3106  4542  OUTBOUND-CREDIT                 7         0.510         32.820      0.630          -5.99           0.00
  HKG  3106  4545  OUTBOUND-CREDIT                 2         0.039          0.330      0.010          -0.27           0.00
  HND  3106  7080  OUTBOUND-NB                     1         0.057          0.000      0.470           0.00           0.11
  HND  7080  3106  INBOUND                         2         0.030          1.330      0.030           0.19           0.00
  HND  7080  3106  INBOUND-NB                      1         0.011          0.110      0.000           0.00           0.03
  HUN  2161  3106  INBOUND                        36         1.165         87.310      3.860          10.06           0.00
  HUN  2161  3106  INBOUND-TNIC                  368        22.436      3,738.810     83.430         211.74           0.00
  IDN  5101  3106  INBOUND                        11         3.608        172.230      4.410          16.04           0.00
  IDN  5101  3106  INBOUND-TNIC                   41         5.636        699.650     13.120          37.52           0.00
  IND  4042  3106  INBOUND-TNIC                    1         0.040          6.020      0.210           0.25           0.00
  IRL  3106  2724  OUTBOUND-CREDIT                51         6.519        781.650     13.290         -59.44           0.00
  IRL  3106  2724  OUTBOUND-CREDIT-TNIC           70         8.403      1,221.370     20.420         -86.48           0.00
  JAM  3106  3380  OUTBOUND-NB                   181         2.042          0.000      8.440           0.00           4.08
  JAM  3106  3380  OUTBOUND-CREDIT                56         1.420          0.000     23.110          -8.52           0.00
  JAM  3380  3106  INBOUND                      1292       256.655     23,555.770    636.140       2,868.88           0.00
  JAM  3380  3106  INBOUND-NB                   5620        67.209     11,690.020    289.280           0.00       1,303.42
  JPN  3106  4401  OUTBOUND-CREDIT               360       101.635      3,774.910     67.090        -746.60           0.00
  JPN  3106  4408  OUTBOUND-CREDIT               157       415.591      5,083.570    162.060      -2,556.11           0.00
  JPN  4401  3106  INBOUND                        78         4.454        445.210     10.790          22.49           0.00
  JPN  4408  3106  INBOUND                       658        91.562     10,522.770    226.970         469.80           0.00
  MCL  2350  3106  INBOUND                       344        91.627     14,034.010    244.300         278.80           0.00
  MCL  2351  3106  INBOUND                      1651       254.542     33,145.060  1,213.280       3,569.04           0.00
  MEX  3106  3340  OUTBOUND-CREDIT                11         0.005          0.710      0.010          -0.08           0.00
  MEX  3340  3106  INBOUND                         1         0.024          1.280      0.070           0.16           0.00
  MOZ  6435  3106  INBOUND                        27         1.505        242.300      4.960           0.00           0.00
  MYS  3106  5021  OUTBOUND-CREDIT               306        24.527        903.370     17.000        -186.87           0.00
  NAN  3620  3106  INBOUND                       673      2220.606      4,841.090    120.660       4,925.32           0.00
  PAN  3106  7141  OUTBOUND-NB                   129         4.144         98.650     12.440           0.00          18.02
  PAN  3106  7141  OUTBOUND-CREDIT               342        10.761      1,256.070     62.190        -440.39           0.00
  PAN  7141  3106  INBOUND                      5696      1036.635     73,941.960  1,656.370       9,436.09           0.00
  PAN  7141  3106  INBOUND-NB                     19        12.723      6,302.600    157.590           0.00         655.32
  PAN  7142  3106  INBOUND                       208        44.491      4,678.640    116.850         556.84           0.00
  PHP  5151  3106  INBOUND                       590        31.356      7,404.560    172.150         414.84           0.00
  RCA  3106  3136  OUTBOUND-CREDIT                90         9.191      1,399.720     31.170        -206.31           0.00
  SEN  6081  3106  INBOUND-NB                      1         0.141         31.980      0.600           0.00           1.21
  SEN  6081  3106  INBOUND-TNIC                   51         2.766        615.790     14.240          27.63           0.00
  SGP  3106  5252  OUTBOUND-CREDIT                98         3.261        628.500     10.820         -52.82           0.00
  SGP  5252  3106  INBOUND                      3879       662.457     40,713.070    944.790       2,008.91           0.00
  SGP  5252  3106  INBOUND-NB                      1         0.088          9.460      0.200           0.00           0.36
  SRI  4132  3106  INBOUND                        94         0.731         91.930      2.200           3.67           0.00
  SRI  4132  3106  INBOUND-TNIC                  265        23.620      4,461.560     96.670         150.36           0.00
  TAI  3106  4877  OUTBOUND-CREDIT                24         0.456        141.460      4.130         -67.76           0.00
  TAI  4877  3106  INBOUND                        16        12.233        159.030      5.080          60.55           0.00
  TAI  4877  3106  INBOUND-TNIC                    3         0.049          2.710      0.070           0.55           0.00
  TCI  3106  3763  OUTBOUND-CREDIT                 1         0.001          0.000      0.000           0.00           0.00
  TLX  3106  4873  OUTBOUND-CREDIT               131         3.247        709.530     13.160        -348.51           0.00
  TLX  3106  8010  OUTBOUND                      545        12.850        708.750     16.340          51.19           0.00
  TLX  3106  8020  OUTBOUND                      159         2.800        193.350      4.280          12.55           0.00
  TLX  3106  8030  OUTBOUND                       10         0.191          6.870      0.190           0.62           0.00
  TLX  3106  8231  OUTBOUND                     5261       150.555      4,639.820    215.800         467.88           0.00
  TLX  3106  8231  OUTBOUND-CREDIT                 1         0.001          0.030      0.000          -0.01           0.00
  TLX  4873  3106  INBOUND                         1         0.021          0.330      0.040           0.11           0.00
  TLX  4873  3106  INBOUND-TNIC                    5         0.422         65.520      1.430          11.09           0.00
  TNT  3106  3110  OUTBOUND-CREDIT                65         9.983        641.080     30.920        -129.13           0.00
  TRT  3106  3119  OUTBOUND                      772         8.703      2,148.990     61.970          94.72           0.00
  TRT  3106  3119  OUTBOUND-NB                    80         4.924          0.100     13.750           0.00           9.85
  TRT  3106  3119  OUTBOUND-CREDIT              1656       162.680     23,572.510  1,608.700      -3,521.79           0.00
  TRT  3119  3106  INBOUND                       164        25.075      6,964.810    144.030         300.87           0.00
  TRT  3119  3106  INBOUND-NB                     16         0.131         24.050      1.470           0.00           1.12
  TTO  3106  3740  OUTBOUND-NB                    66         0.362          0.030      2.690           0.00           6.11
  TTO  3106  3740  OUTBOUND-CREDIT               120         5.420      1,017.400     71.070        -458.95           0.00
  TTO  3740  3106  INBOUND                       580       315.762      5,360.550    130.200         891.93           0.00
  TTO  3740  3106  INBOUND-NB                     25         4.812        548.250     13.690           0.00          37.01
  TTO  3745  3106  INBOUND                       461        88.158      5,266.840    295.470         767.25           0.00
  TUN  6050  3106  INBOUND                        24         1.191         83.530      1.860           0.00           0.00
  BMU  3503  3106  INBOUND                       883       888.132      7,570.730    202.230       2,533.33           0.00
  BMU  3503  3106  INBOUND-NB                     28        29.000      2,059.710     51.590           0.00         263.97
  BRB  3106  3423  OUTBOUND-NB                   302         1.538        525.910     17.290           0.00          55.66
  BRB  3106  3423  OUTBOUND-CREDIT                76         0.074          0.470      0.210          -0.58           0.00
  BRB  3423  3106  INBOUND                       725      1288.223     11,016.620    268.950       3,678.10           0.00
  BRB  3423  3106  INBOUND-NB                     82        11.930        949.200     23.690           0.00         118.78
  BVI  3483  3106  INBOUND                         1         0.012          0.830      0.020           0.12           0.00
  CAY  3106  3463  OUTBOUND-NB                   122         1.170          0.000      7.840           0.00           2.34
  CAY  3106  3463  OUTBOUND-CREDIT                58         0.370          0.000     11.230          -2.22           0.00
  CAY  3463  3106  INBOUND                      1326       118.084     11,600.190    290.980       1,396.18           0.00
  CAY  3463  3106  INBOUND-NB                   1130      1656.995      4,624.130    115.120           0.00       3,776.40
  MCL  2351  3106  INBOUND                        76        11.268      1,268.530     35.510         138.12           0.00
  MOR  6041  3106  INBOUND                        87         8.567        399.340     13.690          25.04           0.00
  MOR  6049  3106  INBOUND                       160         6.017        415.350     14.740          23.35           0.00
  NZL  3106  5301  OUTBOUND-CREDIT-TNIC            7         0.906        164.480      5.300         -18.63           0.00
  SGP  3106  5252  OUTBOUND-CREDIT                78         2.750      1,116.400     21.750         -91.90           0.00
  TCI  3763  3106  INBOUND-NB                    350         1.458         27.300      0.450           0.00           2.24
  TRT  3106  3119  OUTBOUND                       89        13.023        720.260     29.100          51.97           0.00
  TRT  3119  3106  INBOUND                         2         0.033          1.040      0.060           0.10           0.00
  BT NORTH AMERICA                                                                                               PAGE    1
  TYMNET                                                                                                         PAGE    1
  AUS  5052  3106  INBOUND                        75         8.078      1,525.540     30.100          38.18           0.00
  AUS  5053  3106  INBOUND                        31         2.552        423.060     11.170          13.72           0.00
  BHR  4263  3106  INBOUND                        96         8.533      1,887.350     48.040         257.24           0.00
  BLZ  7020  3106  INBOUND                        66         2.456        313.290      7.400          11.09           0.00
  BLZ  7020  3106  INBOUND-NB                      3         0.082         15.920      0.360           0.00           0.50
  CHL  7302  3106  INBOUND                      1251       236.200     24,895.020    579.660       1,631.73           0.00
  CHL  7305  3106  INBOUND                       399        43.010      5,695.640    125.270         336.56           0.00
  DMR  3701  3106  INBOUND                       930       104.562      6,474.630    167.410         989.76           0.00
  HKG  4542  3106  INBOUND                         7         4.131      1,302.670     25.240          59.79           0.00
  ISR  4251  3106  INBOUND                      1988       148.571     18,675.750    417.900       1,115.86           0.00
  JPN  4400  3106  INBOUND                       460        51.759     13,662.160  1,125.060       3,582.22           0.00
  MEX  3106  3340  OUTBOUND-CREDIT                10         0.003          0.650      0.010          -0.04           0.00
  MEX  3340  3106  INBOUND-NB                      2         0.030          4.720      0.160           0.00           0.19
  MYS  5021  3106  INBOUND                       624       139.186     11,785.200    266.980         609.23           0.00
  MYS  5021  3106  INBOUND-NB                      5         0.486         99.610      1.860           0.00           3.53
  TNT  3106  3110  OUTBOUND-CREDIT               545        43.752      3,757.460     76.720        -668.28           0.00
  TNT  3110  3106  INBOUND                      2521       263.059     35,966.150    801.580       1,820.77           0.00
  TUR  2862  3106  INBOUND                       274        25.632      1,955.860     48.150         147.58           0.00
  VEN  7341  3106  INBOUND                       108        12.052      2,793.810     62.080          27.79           0.00
  C&W-HONG KONG                                                                                                  PAGE    1
  C&W-HONG KONG                                                                                                  PAGE    1
  BHR  4263  3106  INBOUND                         6         0.474        125.230      2.370          16.83           0.00
  CHN  3106  4602  OUTBOUND-CREDIT                11         0.183          0.750      0.010           0.00           0.00
  CHN  3106  4602  OUTBOUND-CREDIT-TNIC         3366        94.654      7,796.090    225.190           0.00           0.00
  CYP  2802  3106  INBOUND                       351        22.225     10,151.530    209.080           0.00           0.00
  CYP  2802  3106  INBOUND-TNIC                    3         2.983        220.690      6.690           0.00           0.00
  CYP  3106  2802  OUTBOUND-CREDIT-TNIC           10         8.326        743.480     15.390           0.00           0.00
  CZE  2301  3106  INBOUND                         4         0.142         21.310      0.740           0.73           0.00
  CZE  2301  3106  INBOUND-TNIC                  111         3.779      1,086.410     20.510          20.15           0.00
  HKG  4540  3106  INBOUND                       177       133.336     16,088.470    475.840       1,066.06           0.00
  IDN  3106  5101  OUTBOUND-CREDIT                39         0.140          2.440      0.050          -1.17           0.00
  IDN  3106  5101  OUTBOUND-CREDIT-TNIC         2704       111.148      5,091.370    131.300      -1,454.71           0.00
  IND  3106  4042  OUTBOUND-CREDIT                20         0.069          1.450      0.020          -0.26           0.00
  IND  3106  4042  OUTBOUND-CREDIT-TNIC           74         1.415        449.090      8.240         -28.98           0.00
  IRL  3106  2724  OUTBOUND-CREDIT                10         0.081          0.590      0.010          -0.27           0.00
  IRL  3106  2724  OUTBOUND-CREDIT-TNIC          462        14.514      1,416.300     36.470        -152.95           0.00
  ISR  3106  4251  OUTBOUND-CREDIT                77         0.225          4.860      0.070          -1.81           0.00
  ISR  3106  4251  OUTBOUND-CREDIT-TNIC         2959        32.108      5,330.810     96.200        -769.88           0.00
  ISR  4251  3106  INBOUND                       382        46.317      6,787.070    147.540         387.71           0.00
  ISR  4251  3106  INBOUND-TNIC                10001       659.316     88,326.530  2,257.330       5,833.30           0.00
  JPN  3106  4401  OUTBOUND-CREDIT               159         6.995      1,182.820     19.920        -119.13           0.00
  JPN  3106  4408  OUTBOUND-CREDIT                 8        64.890        405.570     19.080        -371.57           0.00
  JPN  3106  4408  OUTBOUND-CREDIT-TNIC           29         6.485        509.920      8.620         -66.86           0.00
  JPN  3106  4411  OUTBOUND-CREDIT-TNIC          141        18.240      2,592.480     54.030        -319.80           0.00
  JPN  4411  3106  INBOUND                        17         4.582      1,079.460     41.080          67.36           0.00
  JPN  4411  3106  INBOUND-TNIC                 1528       145.646     19,857.050    442.530         867.48           0.00
  KEN  6390  3106  INBOUND                        86         3.374        560.490     13.520          27.45           0.00
  KEN  6390  3106  INBOUND-TNIC                  610        27.850      5,776.460    113.050         228.94           0.00
  MCL  2352  3106  INBOUND-TNIC                    4         0.217         50.870      0.890           5.30           0.00
  MCL  3106  2350  OUTBOUND-CREDIT                17         0.135          1.260      0.010          -0.37           0.00
  MCL  3106  2350  OUTBOUND-CREDIT-TNIC          601         5.750      5,463.370     89.020        -235.94           0.00
  MCL  3106  2351  OUTBOUND-CREDIT                 5         0.063          0.090      0.000          -0.21           0.00
  MCL  3106  2351  OUTBOUND-CREDIT-TNIC          173        95.317      5,531.850    162.640      -1,945.50           0.00
  MCL  3106  2352  OUTBOUND-CREDIT                 2         0.048          0.110      0.000          -0.18           0.00
  MCL  3106  2352  OUTBOUND-CREDIT-TNIC           45         2.504        440.130     19.710        -139.55           0.00
  MYS  3106  5021  OUTBOUND-CREDIT                16         0.451         59.170      1.160          -7.28           0.00
  NZL  5301  3106  INBOUND                         6         1.045        149.700      2.880           3.92           0.00
  NZL  5301  3106  INBOUND-NB                      1         0.211         35.320      0.740           0.00           0.95
  NZL  5301  3106  INBOUND-TNIC                   46         2.384        474.480     11.130          13.51           0.00
  PHP  3106  5151  OUTBOUND-CREDIT                 2         0.001          0.140      0.000          -0.02           0.00
  PHP  3106  5151  OUTBOUND-CREDIT-TNIC          620        18.782      7,966.250    138.060        -955.13           0.00
  SAU  4201  3106  INBOUND                       298        30.658      5,212.180    106.460         873.79           0.00
  SAU  4201  3106  INBOUND-NB                      1         0.006          2.000      0.070           0.00           0.31
  SAU  4201  3106  INBOUND-TNIC                 1973       174.573     44,854.650    812.190       7,251.86           0.00
  SGP  3106  5252  OUTBOUND-CREDIT                48         0.340         12.290      0.310          -2.46           0.00
  SGP  3106  5252  OUTBOUND-CREDIT-TNIC         5532       294.638     11,864.690    266.910      -2,105.61           0.00
  TLX  3106  4873  OUTBOUND-CREDIT                28         2.250        705.720     11.970         -48.00           0.00
  TNT  3106  3110  OUTBOUND-CREDIT-TNIC            2         0.508          0.330      0.000          -1.28           0.00
  TUR  2863  3106  INBOUND                         7         1.291        133.690      3.190           3.72           0.00
  TUR  2863  3106  INBOUND-TNIC                   15         0.970         78.170      2.030           2.49           0.00
  UAE  3106  4243  OUTBOUND-CREDIT-TNIC          693        11.736      1,988.150     37.690        -965.08           0.00
  UAE  4243  3106  INBOUND                      2245       291.227     48,390.910  1,073.120       7,841.03           0.00
  UAE  4243  3106  INBOUND-NB                      1         0.041         12.450      0.260           0.00           1.95
  UAE  4243  3106  INBOUND-TNIC                 1508       425.400     32,207.260  1,154.510       5,681.85           0.00
  ZAF  3106  6550  OUTBOUND-CREDIT                 2         0.051          0.130      0.000          -0.31           0.00
  ZAF  3106  6550  OUTBOUND-CREDIT-TNIC          431        56.782     32,716.020    526.830      -3,449.15           0.00
  ZAF  6550  3106  INBOUND                       656        78.379      9,481.620    249.750         646.39           0.00
  ZAF  6550  3106  INBOUND-TNIC                 1089        86.838     11,394.020    283.770         730.05           0.00
  ZIM  6482  3106  INBOUND                         1         0.015          0.060      0.000           0.00           0.00
  ZIM  6482  3106  INBOUND-TNIC                   30         3.212        212.520      4.980           0.00           0.00
  DATA MANAGEMENT CO                                                                                             PAGE    1
  JAMAICA                                                                                                        PAGE    1
  TRINIDAD                                                                                                       PAGE    1
  PANAMA                                                                                                         PAGE    1
  BARBADOS                                                                                                       PAGE    1
  CAYMAN ISLANDS                                                                                                 PAGE    1
  PHILIPPINES GLOBAL COMM. INC.                                                                                  PAGE    1
  PHILIPPINES                                                                                                    PAGE    1
  COSTA RICA                                                                                                     PAGE    1
  COSTA RICA                                                                                                     PAGE    1
@+>