  ARG  3106  7222  OUTBOUND-CREDIT                14         1.052         88.230      1.410         -14.82           0.00
  ARG  7222  3106  INBOUND                       246        10.693      2,135.920     47.590         116.58           0.00
  AUS  3106  5052  OUTBOUND-CREDIT                 1         0.095         16.140      0.460          -1.67           0.00
  AUS  3106  5053  OUTBOUND                       27         3.404        153.800      3.970           7.37           0.00
  AUS  3106  5053  OUTBOUND-CREDIT                 2         0.185        100.400      1.510          -5.09           0.00
  AUS  5052  3106  INBOUND                      2173       221.394     33,084.870    753.320         974.71           0.00
  AUS  5052  3106  INBOUND-NB                      1         0.127         49.440      0.890           0.00           1.01
  AUS  5053  3106  INBOUND                      1341       128.824     21,028.940    441.560         570.39           0.00
  AUS  5053  3106  INBOUND-NB                      2         0.036         12.530      0.300           0.00           0.34
  BHR  3106  4263  OUTBOUND-NB                     8         0.074          0.000      0.120           0.00           0.18
  BHR  3106  4263  OUTBOUND-CREDIT               288         5.087        962.800     16.990        -399.19           0.00
  BHR  4263  3106  INBOUND                      1328        99.899     10,306.720    286.440       1,538.04           0.00
  BHR  4263  3106  INBOUND-NB                     87        12.661      1,470.290     44.050           0.00         215.43
  BMU  3106  3503  OUTBOUND-NB                    12         1.113          0.000      0.130           0.00           2.22
  BMU  3106  3503  OUTBOUND-CREDIT                30         5.704        386.940     13.340        -150.31           0.00
  BMU  3503  3106  INBOUND                       807       189.876     13,160.150    329.710       1,695.76           0.00
  BMU  3503  3106  INBOUND-NB                     28        13.698      3,103.770     77.980           0.00         337.77
  CHL  3106  7303  OUTBOUND-CREDIT                50         3.235      1,562.170     25.720        -173.75           0.00
  CHL  3106  7305  OUTBOUND                      100        53.748      4,093.500    105.180         317.86           0.00
  CHL  7303  3106  INBOUND                       317        17.371      2,442.880     58.210         151.16           0.00
  COL  3106  7322  OUTBOUND                       16         1.370         37.330      2.400           3.77           0.00
  COL  3106  7322  OUTBOUND-CREDIT                42         2.913        380.370      5.990         -26.70           0.00
  COL  7322  3106  INBOUND                      1078       186.587     27,287.970    568.570         755.15           0.00
  COL  7322  3106  INBOUND-NB                      4         0.447        158.120      2.560           0.00           3.01
  COL  7322  3106  INBOUND-TNIC                   93        12.338      1,156.850     23.990          36.33           0.00
  CRI  7129  3106  INBOUND                         1         0.039          3.510      0.090           0.15           0.00
  DPC  3106  3020  OUTBOUND-CREDIT               499       155.637      8,323.020    179.900      -1,083.15           0.00
  DPC  3106  3025  OUTBOUND-CREDIT                 9         0.077          1.170      0.020          -0.28           0.00
  DPC  3106  3028  OUTBOUND-CREDIT                50         0.267        107.220      1.740          -7.25           0.00
  HKG  3106  4542  OUTBOUND-CREDIT                 4         0.013          1.520      0.030          -0.27           0.00
  HUN  2161  3106  INBOUND-TNIC                    3         0.083         10.120      0.340           0.85           0.00
  IND  3106  4042  OUTBOUND-CREDIT               161         4.523      1,307.890     28.710         -99.72           0.00
  IND  3106  4042  OUTBOUND-CREDIT-TNIC            3         0.042          4.660      0.090          -0.39           0.00
  IND  4042  3106  INBOUND                      2850       455.807     39,325.120  1,091.040       1,546.85           0.00
  IND  4042  3106  INBOUND-NB                     49         1.315        200.850      5.300           0.00           6.62
  IRL  2724  3106  INBOUND                      2192       220.237     44,409.520    843.060       1,063.30           0.00
  IRL  3106  2724  OUTBOUND                        4         0.143          6.580      0.270           0.41           0.00
  IRL  3106  2724  OUTBOUND-CREDIT               416        58.212      9,249.790    150.720        -626.81           0.00
  ISR  3106  4251  OUTBOUND-CREDIT                10         0.910        122.830      2.310         -15.71           0.00
  ISR  4251  3106  INBOUND                         4         0.380         38.930      1.150           2.49           0.00
  JPN  3106  4401  OUTBOUND                       80        22.060      2,457.530     58.000         118.09           0.00
  JPN  3106  4401  OUTBOUND-CREDIT               185        35.415      3,528.540     74.710        -487.29           0.00
  JPN  3106  4408  OUTBOUND                       22         4.189      3,557.580     80.150         124.40           0.00
  JPN  3106  4408  OUTBOUND-CREDIT               255         6.792      4,698.810     71.900        -348.20           0.00
  JPN  4410  3106  INBOUND                       223        74.011     10,211.750    190.870         390.69           0.00
  KOR  3106  4501  OUTBOUND                      455         2.081      1,418.200     35.230          37.31           0.00
  KOR  3106  4501  OUTBOUND-CREDIT               283         2.492      1,480.780     36.020        -115.55           0.00
  KOR  4500  3106  INBOUND                       285        30.573      3,558.610     73.210         103.78           0.00
  MAN  3106  5156  OUTBOUND-NB                     5         0.000          0.000      0.000           0.00           0.00
  MAN  3106  5156  OUTBOUND-CREDIT                 9         0.001          0.000      0.000          -0.01           0.00
  MAN  5156  3106  INBOUND                        41         2.021        196.270      4.880          14.32           0.00
  MAN  5156  3106  INBOUND-NB                     88         7.552        965.940     24.100           0.00          65.19
  MCL  2350  3106  INBOUND                         2         0.000          0.000      0.000           0.00           0.00
  MCL  3106  2350  OUTBOUND-CREDIT                 1         0.000          0.110      0.000           0.00           0.00
  MCL  3106  2351  OUTBOUND-CREDIT-TNIC            1         0.041         13.320      0.320          -4.12           0.00
  MNR  3106  5152  OUTBOUND                      172        14.791      2,448.390    143.430         257.11           0.00
  MNR  5152  3106  INBOUND                       808        46.583      7,182.470    184.100         374.83           0.00
  MYS  3106  5021  OUTBOUND-CREDIT                19         0.209         33.670      0.760          -4.36           0.00
  MYS  5021  3106  INBOUND                       658      1871.081     10,594.620    242.090       3,169.74           0.00
  MYS  5021  3106  INBOUND-NB                      2         0.177         29.060      0.610           0.00           1.18
  NZL  3106  5301  OUTBOUND-CREDIT                 1         0.002          0.270      0.000          -0.02           0.00
  PER  3106  7160  OUTBOUND-CREDIT                17         0.805        169.950      2.650         -69.77           0.00
  PER  7160  3106  INBOUND                      1715       402.430     55,386.750  1,174.340       7,929.35           0.00
  SEN  6081  3106  INBOUND-TNIC                   23         1.522        395.610      9.230          17.47           0.00
  SGP  3106  5252  OUTBOUND-CREDIT                41       187.675      1,698.610    104.230      -1,094.67           0.00
  SMA  2922  3106  INBOUND-TNIC                    6         1.221        162.310      4.580           0.00           0.00
  TAI  3106  4877  OUTBOUND                      135         1.728        490.250     12.190          27.42           0.00
  TAI  3106  4877  OUTBOUND-CREDIT                88         1.188        352.630      9.110         -60.88           0.00
  TAI  4877  3106  INBOUND                       319        12.554      3,056.320     98.980         219.70           0.00
  TCI  3106  3763  OUTBOUND-CREDIT                 5         0.000          0.000      0.000           0.00           0.00
  TCI  3763  3106  INBOUND-NB                    464         1.938         35.180      0.570           0.00           7.39
  TLX  3106  4873  OUTBOUND-CREDIT                16         0.821         81.230      1.750         -15.24           0.00
  TNT  3106  3110  OUTBOUND                       14         2.343        560.970     15.230          24.88           0.00
  TNT  3106  3110  OUTBOUND-CREDIT-TNIC           42         5.622        850.730     29.270        -125.61           0.00
  TNT  3110  3106  INBOUND                         2         0.003          0.000      0.000           0.00           0.00
  TUN  6050  3106  INBOUND-TNIC                    9         0.177         17.560      0.400           0.00           0.00
  TUR  2863  3106  INBOUND                      1845       159.921     20,454.050    412.240         474.79           0.00
  TUR  2863  3106  INBOUND-NB                      3         0.137         25.890      0.550           0.00           0.57
  TUR  3106  2863  OUTBOUND-CREDIT               187         6.016      2,299.400     35.490        -103.35           0.00
  TYM  3106  0009  OUTBOUND-CREDIT                 7         0.076          0.410      0.000           0.00           0.00
  URG  7482  3106  INBOUND                        18         1.017         76.260      2.160           5.89           0.00
  WUI  3104  3106  INBOUND                      3933       923.204     36,180.030    720.630       3,148.72           0.00
  WUI  3104  3106  INBOUND-NB                    511       117.958      2,660.750     66.240           0.00         331.68
  WUI  3106  3104  OUTBOUND                     7401      2407.555    117,310.140  2,829.640       9,037.92           0.00
  WUI  3106  3104  OUTBOUND-NB                   142         1.013          1.530      0.730           0.00           2.08
  WUI  3106  3104  OUTBOUND-CREDIT             11246       200.894     55,864.740    941.290      -7,238.03           0.00
  ZAF  3106  6550  OUTBOUND-CREDIT-TNIC            1         0.728         99.280      2.480         -19.00           0.00
  ARG  3106  7222  OUTBOUND-NB                     4         0.327          0.000      0.120           0.00           0.81
  ARG  3106  7222  OUTBOUND-CREDIT                 6         0.001          0.000      0.000           0.00           0.00
  ARG  7220  3106  INBOUND                       682       120.337      7,875.470    411.330       1,285.25           0.00
  ARG  7220  3106  INBOUND-NB                      1         0.099         10.160      0.210           0.00           1.51
  ARG  7222  3106  INBOUND                       115        11.308      1,356.300     35.610         197.80           0.00
  ARG  7222  3106  INBOUND-NB                     16        26.615      2,064.280     51.600           0.00         324.57
  ATG  3106  3443  OUTBOUND-NB                     5         0.021          0.000      0.050           0.00           0.04
  ATG  3106  3443  OUTBOUND-CREDIT                12         0.001          0.000      0.000          -0.01           0.00
  ATG  3443  3106  INBOUND                       528        23.487      2,791.520     72.360         270.27           0.00
  ATG  3443  3106  INBOUND-NB                    321       700.998      2,977.400     74.290           0.00       1,640.17
  AUS  3106  5052  OUTBOUND-CREDIT                77         1.827        257.110      4.820         -19.94           0.00
  AUS  5052  3106  INBOUND                       379        37.600      6,055.430    138.390         175.99           0.00
  AUS  5053  3106  INBOUND                       224        27.191      2,748.380     55.400          82.59           0.00
  AUS  5053  3106  INBOUND-NB                      1         0.049          8.070      0.170           0.00           0.22
  BAT  3106  3141  OUTBOUND-CREDIT                 1         0.005          1.240      0.020          -0.16           0.00
  BHR  3106  4263  OUTBOUND-NB                     8         0.001          0.000      0.000           0.00           0.00
  BHR  3106  4263  OUTBOUND-CREDIT                38         0.062          2.100      0.170          -1.25           0.00
  BHR  4263  3106  INBOUND                      3063       225.429     24,469.700    682.370       3,622.17           0.00
  BHR  4263  3106  INBOUND-NB                    187        47.621      5,463.280    141.540           0.00         801.95
  BHR  4263  3106  INBOUND-TNIC                   14         0.365         22.340      2.370           3.70           0.00
  BMU  3106  3503  OUTBOUND-CREDIT                18         4.013      1,431.740     26.240        -453.60           0.00
  BMU  3503  3106  INBOUND                         5         0.791         13.140      0.350           2.89           0.00
  BMU  3503  3106  INBOUND-NB                     11         5.460        121.480      2.760           0.00          23.06
  BRA  3106  7241  OUTBOUND-CREDIT                 3         0.225         58.490      1.100         -23.62           0.00
  BRA  7240  3106  INBOUND                        75         8.109        901.570     23.850         132.96           0.00
  BRA  7241  3106  INBOUND                       100        18.076      1,271.170     26.230         204.08           0.00
  BRA  7249  3106  INBOUND                       345        58.033      6,924.590    190.580       1,010.64           0.00
  BVI  3483  3106  INBOUND                        10         2.145         66.360      1.650          12.83           0.00
  BVI  3483  3106  INBOUND-NB                    344         1.541         32.290      0.690           0.00           7.47
  CHN  4602  3106  INBOUND                      1321       111.982      8,599.180    194.140       1,625.79           0.00
  COL  7322  3106  INBOUND                       944       173.983     12,568.640    285.610         905.35           0.00
  COL  7322  3106  INBOUND-NB                      7         0.643         85.130      1.580           0.00           4.39
  COL  7322  3106  INBOUND-TNIC                  111        10.021      1,607.790     29.840          78.52           0.00
  DAM  4150  3106  INBOUND-TNIC                    6         0.233          8.640      0.310           1.09           0.00
  DMR  3106  3700  OUTBOUND-CREDIT                12         0.002          0.000      0.000          -0.01           0.00
  DMR  3700  3106  INBOUND                       278        34.928      7,209.690    180.100         898.39           0.00
  DMR  3700  3106  INBOUND-NB                     35         0.918        110.700      2.750           0.00          14.74
  DOM  3101  3106  INBOUND                       780        22.047      1,127.020     29.210          84.63           0.00
  DOM  3101  3106  INBOUND-NB                      1         0.003          0.930      0.060           0.00           0.04
  DPC  3025  3106  INBOUND                        12         0.258          6.110      0.270           0.24           0.00
  DPC  3028  3106  INBOUND                       480        27.347      6,803.280    174.600          98.17           0.00
  DPC  3106  3020  OUTBOUND-CREDIT                45        10.501        547.810     12.750         -40.33           0.00
  HKG  4542  3106  INBOUND                      2539       229.742     48,497.810    974.230       2,465.28           0.00
  HKG  4542  3106  INBOUND-NB                      1         0.017          5.500      0.090           0.00           0.23
  HKG  4546  3106  INBOUND                         2         0.055          1.080      0.030           0.19           0.00
  IDN  3106  5101  OUTBOUND-CREDIT                25         1.491        150.030      3.430         -29.55           0.00
  IDN  5101  3106  INBOUND                      4073       388.049     33,384.850  1,032.490       2,841.09           0.00
  IDN  5101  3106  INBOUND-NB                     35         1.569        247.340      7.590           0.00          18.32
  IND  4042  3106  INBOUND                         1         0.017          2.670      0.080           0.10           0.00
  IND  4042  3106  INBOUND-TNIC                   50         2.981        446.320     13.970          16.95           0.00
  IRL  3106  2724  OUTBOUND-CREDIT-TNIC            1         0.099          7.380      0.130          -0.71           0.00
  ISR  4251  3106  INBOUND                      4054       287.681     48,292.100  1,121.000       2,817.36           0.00
  ISR  4251  3106  INBOUND-NB                      3         0.029          3.530      0.150           0.00           0.37
  ITT  3103  3106  INBOUND                        24         0.242         14.830      0.340           1.01           0.00
  ITT  3106  3103  OUTBOUND                        9         0.081          0.940      0.010           0.19           0.00
  ITT  3106  3103  OUTBOUND-NB                     3         0.007          0.160      0.000           0.00           0.02
  ITT  3106  3103  OUTBOUND-CREDIT                15         0.198          2.780      0.180          -1.49           0.00
  ITT  3106  3107  OUTBOUND-NB                    29         2.197          0.000      0.260           0.00           4.39
  ITT  3106  3107  OUTBOUND-CREDIT                46         0.004          0.000      0.000          -0.02           0.00
  JAM  3380  3106  INBOUND                      2957       443.503     31,417.220    693.680       1,279.20           0.00
  JPN  3106  4401  OUTBOUND-CREDIT               141        11.459      1,646.360     30.970        -187.75           0.00
  JPN  3106  4408 OUND-CREDIT                23         1.633      1,283.630     19.590         -93.91           0.00
  JPN  4401  3106  INBOUND                       257        27.293      1,876.200     63.090         133.30           0.00
  JPN  4408  3106  INBOUND                      2485       236.100     28,733.120    591.930       1,221.22           0.00
  JPN  4408  3106  INBOUND-NB                      2         0.127         16.910      0.380           0.00           0.75
  KOR  3106  4501  OUTBOUND-CREDIT               168         1.359        820.970     19.510        -205.18           0.00
  KOR  4500  3106  INBOUND                         1         0.079          5.420      0.160           0.59           0.00
  KOR  4501  3106  INBOUND                        12         3.417        308.350      7.090          31.50           0.00
  MNI  3106  5154  OUTBOUND-NB                    11         0.002          0.000      0.000           0.00           0.00
  MNI  3106  5154  OUTBOUND-CREDIT                39         0.247          0.100      6.000          -2.27           0.00
  MNI  3106  5154  OUTBOUND-CREDIT-TNIC            1         0.006          0.090      0.010          -0.10           0.00
  MNI  5154  3106  INBOUND                      2080       134.003     36,202.820    891.690       5,832.38           0.00
  MNI  5154  3106  INBOUND-NB                    154        35.723      2,192.640     54.760           0.00         436.06
  MYS  3106  5021  OUTBOUND-CREDIT                12         0.120         21.210      0.490          -2.76           0.00
  NAN  3620  3106  INBOUND-NB                      4         0.066          6.570      0.250           0.00           0.78
  NZL  5301  3106  INBOUND                      7901       410.750     70,932.270  1,763.250       2,174.00           0.00
  NZL  5301  3106  INBOUND-NB                     14         0.337         97.640      2.360           0.00           2.70
  PER  3106  7160  OUTBOUND-CREDIT-TNIC            1         0.014          0.260      0.050          -0.20           0.00
  PHP  5151  3106  INBOUND-TNIC                    2         0.063          7.810      0.170           0.49           0.00
  PRI  3106  3300  OUTBOUND-NB                     7         0.088          0.000      0.110           0.00           0.22
  PRI  3106  3300  OUTBOUND-CREDIT                 8         0.000          0.000      0.000           0.00           0.00
  PRI  3300  3106  INBOUND                       120        10.280      1,871.880     47.260         236.28           0.00
  QAT  4271  3106  INBOUND                       108        10.503        915.100     24.610          72.86           0.00
  SEN  6081  3106  INBOUND-TNIC                   47         2.335        510.280     12.100          28.88           0.00
  SGP  3106  5252  OUTBOUND-CREDIT                 1         0.022         11.120      0.180          -0.77           0.00
  SGP  5252  3106  INBOUND                      4681       582.016     73,796.760  1,540.290       2,652.71           0.00
  SMA  2922  3106  INBOUND-TNIC                    3         1.392        257.610      6.250           0.00           0.00
  TAI  3106  4877  OUTBOUND-CREDIT                42         0.551        142.290      4.060         -68.99           0.00
  TAI  4877  3106  INBOUND                      1869       174.395     43,444.220    839.130       7,039.77           0.00
  TCI  3106  3763  OUTBOUND-CREDIT                 1         0.000          0.000      0.000           0.00           0.00
  TCI  3763  3106  INBOUND-NB                    465         1.949         35.700      0.580           0.00           2.96
  TLX  3106  4872  OUTBOUND-CREDIT               129        25.709      9,589.550    153.750      -4,546.68           0.00
  TLX  3106  4873  OUTBOUND-CREDIT                11         0.513         94.850      1.840         -47.30           0.00
  TLX  4872  3106  INBOUND                      2261       150.021     26,555.360    556.850       4,433.30           0.00
  TLX  4873  3106  INBOUND                      1904       250.264     41,544.300    967.990       6,982.38           0.00
  TNT  3106  3110  OUTBOUND                        6         0.275         22.770      0.480           1.37           0.00
  TNT  3106  3110  OUTBOUND-CREDIT               118        23.214      2,001.950     84.420        -355.49           0.00
  TUN  6050  3106  INBOUND-TNIC                   10         0.334         38.210      0.760           0.00           0.00
  TYM  3106  0009  OUTBOUND-CREDIT                 8         0.069          0.350      0.000          -0.22           0.00
  URG  7482  3106  INBOUND                       821       149.545     14,788.890    348.630         981.37           0.00
  URG  7482  3106  INBOUND-NB                     20         1.269        251.980      5.270           0.00          12.88
  ZAF  3106  6550  OUTBOUND-CREDIT                25         0.742        119.170      2.900         -21.56           0.00
  ZAF  6550  3106  INBOUND                      2773       485.106     32,770.850    816.880       2,564.77           0.00
  ZAF  6550  3106  INBOUND-NB                      1         0.045          5.860      0.130           0.00           0.36
  BHR  3106  4263  OUTBOUND-NB                     8         0.144          0.000      0.090           0.00           0.36
  BHR  3106  4263  OUTBOUND-CREDIT               268         4.878      1,133.370     18.730        -461.59           0.00
  BHR  4263  3106  INBOUND                      1704       110.967     13,051.260    330.350       1,908.76           0.00
  BHR  4263  3106  INBOUND-NB                     92        30.126      1,290.590     35.480           0.00         236.63
  BMU  3106  3503  OUTBOUND-NB                     2         0.000          0.000      0.000           0.00           0.00
  BMU  3106  3503  OUTBOUND-CREDIT                13         1.155        142.580      4.920         -49.70           0.00
  BMU  3503  3106  INBOUND                         3         0.137          2.780      0.140           0.55           0.00
  BMU  3503  3106  INBOUND-NB                      7         3.985        270.330      6.750           0.00          35.00
  CHL  3106  7302  OUTBOUND-CREDIT                 1         0.003          0.150      0.000          -0.08           0.00
  CHL  3106  7305  OUTBOUND-CREDIT               171         5.696      1,559.420     28.620        -627.50           0.00
  CHL  7303  3106  INBOUND                      1343       257.406     23,639.920    582.990       3,598.45           0.00
  CHL  7305  3106  INBOUND                        13         1.579        263.910      5.000          36.93           0.00
  DPC  3106  3020  OUTBOUND-CREDIT                70        18.235      1,096.820     25.190         -75.17           0.00
  DPC  3106  3025  OUTBOUND-CREDIT                 1         0.008          0.380      0.000          -0.03           0.00
  DPC  3106  3028  OUTBOUND-CREDIT                41         0.185         68.380      1.130          -2.77           0.00
  HKG  3106  4542  OUTBOUND-CREDIT                 7         0.067          6.530      0.200          -1.70           0.00
  HKG  3106  4544  OUTBOUND-CREDIT                 3         0.028          0.000      0.000          -0.18           0.00
  HKG  4542  3106  INBOUND                      3017       313.104     60,009.240  1,201.190       3,106.76           0.00
  HKG  4545  3106  INBOUND                         7         0.193         21.820      0.720           1.88           0.00
  IDN  5101  3106  INBOUND-TNIC                    1         0.001          0.090      0.000           0.00           0.00
  IND  4042  3106  INBOUND-TNIC                    3         0.410         52.850      1.820           2.23           0.00
  ITT  3106  3103  OUTBOUND                        4         0.098         13.190      0.380           0.67           0.00
  JPN  3106  4401  OUTBOUND-CREDIT               147        13.455      1,792.900     37.640        -226.10           0.00
  JPN  3106  4408  OUTBOUND-CREDIT               248         5.115      3,036.650     46.870        -230.04           0.00
  JPN  4401  3106  INBOUND                       369        55.688      4,422.910    130.690         274.88           0.00
  JPN  4408  3106  INBOUND                      5725       578.236     69,111.710  1,469.390       3,019.98           0.00
  JPN  4408  3106  INBOUND-NB                      3         0.065          9.190      0.310           0.00           0.56
  KOR  3106  4501  OUTBOUND-CREDIT               179        13.842        870.190     20.830        -104.03           0.00
  KOR  4501  3106  INBOUND                     12213      1555.947    252,062.860  5,653.190       7,209.14           0.00
  KOR  4501  3106  INBOUND-NB                      2         0.226        163.720      2.630           0.00           2.86
  MAN  5156  3106  INBOUND                      1555       139.416     15,757.040    366.830       1,047.28           0.00
  MNR  3106  5152  OUTBOUND-NB                    58         1.300          0.000     15.210           0.00          26.84
  MNR  3106  5152  OUTBOUND-CREDIT                75         0.697          0.000     32.400        -161.34           0.00
  MNR  5152  3106  INBOUND                      3088       202.034     28,337.560    625.000       1,343.79           0.00
  MNR  5152  3106  INBOUND-NB                     82         6.151        292.930      6.660           0.00          20.81
  MYS  3106  5021  OUTBOUND-CREDIT                17         0.132         20.170      0.490          -2.83           0.00
  NAN  3106  3620  OUTBOUND-NB                     3         0.037          0.000      0.070           0.00           0.09
  NAN  3106  3620  OUTBOUND-CREDIT                12         0.060          0.000      0.180          -0.45           0.00
  NAN  3620  3106  INBOUND                       156       354.536      3,876.510     96.850       1,322.44           0.00
  NAN  3620  3106  INBOUND-NB                      5         1.280        264.680      5.050           0.00          32.97
  RCA  3106  3113  OUTBOUND-NB                    79         1.443         11.580      0.380           0.00           3.30
  RCA  3106  3113  OUTBOUND-CREDIT                79         0.168          2.330      0.240          -1.26           0.00
  RCA  3106  3136  OUTBOUND-CREDIT                 1         0.004          0.180      0.010          -0.04           0.00
  RCA  3113  3106  INBOUND                      1161        67.675      6,901.630    172.380         383.75           0.00
  RCA  3113  3106  INBOUND-TNIC                    2         0.001          0.010      0.000           0.00           0.00
  SAU  4201  3106  INBOUND                      1481       217.743     38,456.590    843.170       6,421.68           0.00
  SAU  4201  3106  INBOUND-NB                      1         0.038          8.660      0.190           0.00           1.41
  SGP  3106  5252  OUTBOUND-CREDIT                 3         1.175        423.020     12.180         -50.09           0.00
  SGP  5252  3106  INBOUND                      1374       151.105     16,695.640    382.430         666.86           0.00
  TAI  3106  4877  OUTBOUND-CREDIT                65         1.012        217.840      5.460        -107.13           0.00
  TAI  4877  3106  INBOUND                       674        58.413     10,395.560    434.680       1,734.55           0.00
  TCI  3106  3763  OUTBOUND-CREDIT                 5         0.000          0.000      0.000           0.00           0.00
  TCI  3763  3106  INBOUND-NB                    456         1.901         34.710      0.550           0.00           2.89
  THA  5201  3106  INBOUND                      3334       432.181     62,234.220  1,344.440       5,842.96           0.00
  THA  5201  3106  INBOUND-NB                     54         2.911        552.060     10.270           0.00          49.98
  TLX  3106  4873  OUTBOUND-CREDIT                18         2.629        547.760      9.840        -270.16           0.00
  TYM  3106  0009  OUTBOUND-CREDIT                 6         0.046          0.460      0.000           0.00           0.00
  UAE  4243  3106  INBOUND                        36         4.632        409.340     10.620          30.50           0.00
  WUI  3104  3106  INBOUND                      1053       206.322     18,064.790    298.070       1,062.93           0.00
  WUI  3106  3104  OUTBOUND-NB                     2         0.219          1.530      0.060           0.00           0.49
  ZAF  3106  6550  OUTBOUND-CREDIT-TNIC           54         5.207        493.360     14.830        -118.41           0.00
  ANG  6315  3106  INBOUND                        67         5.823        280.250     10.160          25.98           0.00
  ARG  7222  3106  INBOUND                      3690       651.713     98,032.540  2,112.370       5,528.16           0.00
  ARG  7222  3106  INBOUND-NB                     22         3.427      1,220.350     19.570           0.00          46.00
  AUS  5052  3106  INBOUND                       564        63.027      9,427.450    211.240         274.27           0.00
  AUS  5053  3106  INBOUND                       353        60.456      7,869.920    171.580         232.04           0.00
  BHR  3106  4263  OUTBOUND-NB                     7         0.275          0.000      0.050           0.00           0.68
  BHR  3106  4263  OUTBOUND-CREDIT                30         2.347        100.140      2.570         -55.15           0.00
  BHR  4263  3106  INBOUND                      2902       186.650     19,212.360    572.780       2,868.06           0.00
  BHR  4263  3106  INBOUND-NB                    204        69.277      5,311.710    138.810           0.00         837.15
  BHS  3640  3106  INBOUND                      1227       653.984     16,986.500    424.160       3,006.62           0.00
  BHS  3640  3106  INBOUND-NB                   3911        41.619      2,276.540     54.810           0.00         310.89
  BMU  3106  3503  OUTBOUND-NB                     9         0.011          0.030      0.060           0.00           0.02
  BMU  3106  3503  OUTBOUND-CREDIT                35        10.388      1,010.860     40.230        -365.59           0.00
  BMU  3503  3106  INBOUND                       739       136.725     11,285.230    269.680       1,401.97           0.00
  BMU  3503  3106  INBOUND-NB                     20        10.789      1,971.920     49.670           0.00         218.77
  CAM  6242  3106  INBOUND                        39         2.165        589.570      9.640          19.18           0.00
  CAM  6242  3106  INBOUND-TNIC                    1         0.021          1.240      0.100           0.20           0.00
  CAY  3463  3106  INBOUND                         6         0.560         11.390      0.630           2.25           0.00
  CHD  6222  3106  INBOUND                        29         0.844        125.570      2.280           5.07           0.00
  CHN  3106  4602  OUTBOUND-CREDIT-TNIC            2         0.018          3.330      0.060          -0.68           0.00
  COL  7322  3106  INBOUND                      1061       159.768     21,188.700    427.080         586.85           0.00
  COL  7322  3106  INBOUND-NB                      5         0.278         18.750      0.550           0.00           0.83
  COL  7322  3106  INBOUND-TNIC                  151        11.954      2,160.610     41.630          53.58           0.00
  CSC  3106  3137  OUTBOUND-CREDIT                18         0.738         41.030      0.980          -8.86           0.00
  DPC  3106  3028  OUTBOUND-CREDIT               265         1.107        447.410      7.400         -30.67           0.00
  EGY  6020  3106  INBOUND                      1318       113.792     16,994.350    349.470       1,927.02           0.00
  EGY  6020  3106  INBOUND-NB                      1         0.037          3.360      0.080           0.00           0.41
  FTC  3124  3106  INBOUND                       127       650.869     13,495.420    348.090       1,787.56           0.00
  GTM  7044  3106  INBOUND                       226         7.745        525.680     13.030          68.06           0.00
  GTM  7044  3106  INBOUND-NB                     30         1.301        143.790      3.580           0.00          16.98
  HKG  3106  4542  OUTBOUND-CREDIT                 1         0.003          0.270      0.000          -0.05           0.00
  HKG  4545  3106  INBOUND                         1         0.000          0.080      0.000           0.00           0.00
  HUN  2161  3106  INBOUND                        69         5.182        588.870     13.090          36.54           0.00
  HUN  2161  3106  INBOUND-TNIC                  298        25.398      5,507.910    100.820         252.44           0.00
  IDN  5101  3106  INBOUND                        13         1.310         67.430      2.200           7.02           0.00
  IDN  5101  3106  INBOUND-TNIC                   28        15.593      2,306.280     40.410         112.02           0.00
  IND  4042  3106  INBOUND                        21         0.951        114.080      3.490           4.44           0.00
  IND  4042  3106  INBOUND-TNIC                   48         3.015        518.170     13.460          16.48           0.00
  IRL  3106  2724  OUTBOUND-CREDIT                 3         0.098         11.580      0.520          -1.86           0.00
  ISR  4251  3106  INBOUND-TNIC                    2         0.118         17.220      0.300           0.85           0.00
  JAM  3106  3380  OUTBOUND-NB                    13         0.169          0.000      0.120           0.00           0.33
  JAM  3106  3380  OUTBOUND-CREDIT                45         0.006          0.000      0.000          -0.03           0.00
  JAM  3380  3106  INBOUND                       767       127.237     11,492.340    287.410       1,403.70           0.00
  JAM  3380  3106  INBOUND-NB                   4893        42.320      5,235.700    128.290           0.00         608.21
  JPN  3106  4401  OUTBOUND-CREDIT               288        50.773      2,976.690     58.610        -484.01           0.00
  JPN  3106  4408  OUTBOUND-CREDIT                46         3.516      2,307.720     35.370        -172.06           0.00
  JPN  4401  3106  INBOUND                       183        73.479      3,453.820     83.940         232.19           0.00
  JPN  4401  3106  INBOUND-NB                      1         0.008          0.210      0.070           0.00           0.11
  JPN  4408  3106  INBOUND                      1718       174.520     26,604.330    592.150       1,130.75           0.00
  JPN  4408  3106  INBOUND-NB                      4         0.201         64.030      1.220           0.00           2.10
  KOR  3106  4501  OUTBOUND-CREDIT               337         4.206      1,269.570     31.750        -329.92           0.00
  MCL  2350  3106  INBOUND                       881       130.059     22,447.420    388.580         430.43           0.00
  MCL  2350  3106  INBOUND-NB                     39         1.304         63.360      2.530           0.00           3.18
  MCL  2351  3106  INBOUND                       728        96.575     12,510.240    363.320       1,347.59           0.00
  MCL  2351  3106  INBOUND-NB                      2         0.028          0.410      0.090           0.00           0.06
  MOZ  6435  3106  INBOUND                         1         0.003          0.050      0.000           0.00           0.00
  MYS  3106  5021  OUTBOUND-CREDIT                28         0.280         40.010      0.950          -5.56           0.00
  NAN  3620  3106  INBOUND                       839       978.862      5,829.980    145.280       2,540.72           0.00
  PAN  3106  7141  OUTBOUND-NB                    16         0.035          0.000      0.100           0.00           0.06
  PAN  3106  7141  OUTBOUND-CREDIT               415        22.326      1,364.250     24.170        -541.19           0.00
  PAN  7141  3106  INBOUND                      4195       724.028     42,640.310    922.830       5,690.16           0.00
  PAN  7141  3106  INBOUND-NB                      6         3.394      2,694.380     67.340           0.00         276.12
  PAN  7142  3106  INBOUND                       418       127.280      9,296.070    232.190       1,184.16           0.00
  PHP  5151  3106  INBOUND                       781        60.522      7,156.720    198.360         532.86           0.00
  RCA  3106  3136  OUTBOUND-CREDIT                26         0.855         96.900      2.600         -15.59           0.00
  SEN  6081  3106  INBOUND-TNIC                   91         6.296      1,498.800     33.320          64.38           0.00
  SGP  3106  5252  OUTBOUND-CREDIT                90        88.165      4,996.820    201.300      -1,085.49           0.00
  SGP  5252  3106  INBOUND                      5890       809.168     92,225.590  2,004.030       3,516.27           0.00
  SGP  5252  3106  INBOUND-NB                      1         0.073         12.750      0.250           0.00           0.40
  SMA  2922  3106  INBOUND-TNIC                    7         1.582        336.840      9.360           0.00           0.00
  TAI  3106  4877  OUTBOUND-CREDIT                77         1.009        248.630      6.910        -120.97           0.00
  TCI  3106  3763  OUTBOUND-CREDIT                 1         0.000          0.000      0.000           0.00           0.00
  TCI  3763  3106  INBOUND-NB                    453         1.900         34.240      0.540           0.00           0.00
  TLX  3106  4873  OUTBOUND-CREDIT                42         1.505        269.640      5.270        -134.88           0.00
  TLX  3106  8010  OUTBOUND                     1092        18.527      1,037.360     25.950          74.34           0.00
  TLX  3106  8020  OUTBOUND                      325         4.060        480.660      9.700          25.40           0.00
  TLX  3106  8030  OUTBOUND                      185         2.157        131.790      3.130           9.05           0.00
  TLX  3106  8231  OUTBOUND                     3303        65.327      2,256.540     90.440         211.71           0.00
  TNT  3106  3110  OUTBOUND-CREDIT                48         2.170        300.330      9.430         -45.45           0.00
  TRT  3106  3119  OUTBOUND                     1047        12.819      4,548.680    127.720         189.33           0.00
  TRT  3106  3119  OUTBOUND-NB                    15         0.468          0.000      0.260           0.00           0.93
  TRT  3106  3119  OUTBOUND-CREDIT               396         2.562        126.830      4.170         -29.05           0.00
  TRT  3119  3106  INBOUND                       237        31.701     10,865.990    224.150         454.56           0.00
  TRT  3119  3106  INBOUND-NB                     11         0.301         45.000      1.580           0.00           2.22
  TTO  3106  3740  OUTBOUND-NB                    11         0.004          0.020      0.000           0.00           0.00
  TTO  3106  3740  OUTBOUND-CREDIT                99         3.198        351.920     27.270        -182.85           0.00
  TTO  3740  3106  INBOUND                       413       409.415        795.980     39.580         897.99           0.00
  TTO  3740  3106  INBOUND-NB                     39         8.991      1,601.080     40.000           0.00          97.99
  TTO  3745  3106  INBOUND                       174        19.927      1,791.440     49.660         139.17           0.00
  TUN  6050  3106  INBOUND                        20         0.971        128.550      2.390           0.00           0.00
  TYM  3106  0009  OUTBOUND-CREDIT                 7         0.048          0.420      0.010           0.00           0.00
  UAE  4243  3106  INBOUND                         2         0.055          5.180      0.200           0.52           0.00
  UAE  4243  3106  INBOUND-TNIC                    1         0.128         37.880      0.600           1.46           0.00
  ZAF  3106  6550  OUTBOUND-CREDIT-TNIC            1         0.038          4.340      0.220          -1.52           0.00
  AUS  3106  5052  OUTBOUND-CREDIT-TNIC          228         5.287        774.170     13.850         -57.41           0.00
  AUS  3106  5053  OUTBOUND-NB                     1         0.013          0.900      0.010           0.00           0.03
  BMU  3106  3503  OUTBOUND-NB                     1         0.000          0.000      0.000           0.00           0.00
  BMU  3106  3503  OUTBOUND-CREDIT                 2         0.000          0.000      0.000           0.00           0.00
  BMU  3503  3106  INBOUND                         8         0.731         94.840      2.080          10.94           0.00
  BMU  3503  3106  INBOUND-NB                      2        12.203         17.480      0.430           0.00          26.15
  BRB  3106  3423  OUTBOUND-NB                    31         0.237          0.000      0.310           0.00           0.47
  BRB  3106  3423  OUTBOUND-CREDIT                73         0.013          0.090      0.000          -0.10           0.00
  BRB  3423  3106  INBOUND                       463      1288.543      9,055.480    222.410       3,482.63           0.00
  BRB  3423  3106  INBOUND-NB                     95        10.438        661.450     16.490           0.00          87.02
  BVI  3483  3106  INBOUND                         2         0.023          1.100      0.020           0.18           0.00
  CAY  3106  3463  OUTBOUND-NB                    21         0.922          0.000      0.170           0.00           1.84
  CAY  3106  3463  OUTBOUND-CREDIT                56         0.005          0.000      0.000          -0.03           0.00
  CAY  3463  3106  INBOUND                      1087       110.094      9,253.480    230.810       1,145.53           0.00
  CAY  3463  3106  INBOUND-NB                    888      1628.054      7,011.590    174.870           0.00       3,957.26
  COL  7322  3106  INBOUND-TNIC                   19         1.315        260.040      5.070          12.58           0.00
  JPN  4401  3106  INBOUND                       160        21.667        732.720     28.570          74.10           0.00
  JPN  4408  3106  INBOUND                       727        82.302      7,844.040    174.620         378.92           0.00
  MCL  2350  3106  INBOUND                        27         2.107        128.780      2.860           4.12           0.00
  MCL  2351  3106  INBOUND                       117        18.128      2,294.360     52.040         247.56           0.00
  SGP  3106  5252  OUTBOUND-CREDIT                86         2.799        808.260     17.200         -75.00           0.00
  TCI  3106  3763  OUTBOUND-CREDIT                 2         0.000          0.000      0.000           0.00           0.00
  TCI  3763  3106  INBOUND-NB                    444         1.869         33.960      0.530           0.00           2.83
  TRT  3106  3119  OUTBOUND                      108         9.929        635.030     27.190          42.71           0.00
  TRT  3119  3106  INBOUND                         1         0.005          0.250      0.000           0.02           0.00
  TYM  0009  3106  INBOUND                        18         0.242          4.320      0.180           0.00           0.00
  TYMNET                                                                                                         PAGE    1
  AUS  5052  3106  INBOUND                        80         9.863      1,147.780     25.420          35.28           0.00
  AUS  5053  3106  INBOUND                        39         4.425        358.730      9.250          13.67           0.00
  BHR  4263  3106  INBOUND                        64         3.933        697.010     15.370          96.95           0.00
  BRB  3423  3106  INBOUND                         3         0.048          3.740      0.130           0.54           0.00
  CHL  7302  3106  INBOUND                      1178       127.468     13,756.240    392.330       1,039.60           0.00
  CHL  7303  3106  INBOUND                        73        19.050      4,205.120     70.950         180.01           0.00
  CHL  7305  3106  INBOUND                       777        51.127      6,963.180    159.960         422.17           0.00
  CRI  7129  3106  INBOUND                         1         0.009          0.600      0.020           0.04           0.00
  DMR  3701  3106  INBOUND                       502        54.241      3,449.710     87.080         523.67           0.00
  HKG  4546  3106  INBOUND                        21         3.888        722.470     23.060          54.87           0.00
  ISR  4251  3106  INBOUND                      2120       164.367     32,608.190    751.750       1,804.64           0.00
  ISR  4251  3106  INBOUND-NB                      2         0.253         40.060      0.820           0.00           2.12
  ISR  4251  3106  INBOUND-TNIC                    4         0.052         15.370      0.300           0.70           0.00
  JPN  4400  3106  INBOUND                       597        62.124     15,383.970  1,280.210       4,089.13           0.00
  JPN  4408  3106  INBOUND                         1         0.001          0.240      0.000           0.01           0.00
  KEN  6390  3106  INBOUND-TNIC                    1         0.019          2.680      0.080           0.16           0.00
  MEX  3340  3106  INBOUND-NB                      2         0.030          3.550      0.130           0.00           0.16
  MYS  5021  3106  INBOUND                       611       135.776     10,546.120    230.700         549.70           0.00
  PAN  7142  3106  INBOUND                       154       111.784     14,197.500    283.420         790.42           0.00
  THA  5201  3106  INBOUND                         1         0.015          1.050      0.040           0.11           0.00
  TNT  3106  3110  OUTBOUND-NB                     3         0.019          0.190      0.010           0.00           0.04
  TNT  3106  3110  OUTBOUND-CREDIT               821        46.352      5,010.460    110.250        -819.19           0.00
  TNT  3110  3106  INBOUND                      1701       313.497     32,666.010    807.620       1,802.88           0.00
  TNT  3110  3106  INBOUND-NB                      1         0.045         35.110      0.550           0.00           1.35
  TUR  2862  3106  INBOUND                       190        10.752      1,072.490     26.270          74.05           0.00
  VEN  7340  3106  INBOUND                         1         0.045         20.300      0.180           0.23           0.00
  VEN  7342  3106  INBOUND                        66        16.917      2,320.510     61.690          78.61           0.00
  C&W-HONG KONG                                                                                                  PAGE    1
  C&W-HONG KONG                                                                                                  PAGE    1
  BHR  3106  4263  OUTBOUND-CREDIT               257         3.142        357.320      6.650        -157.55           0.00
  BHR  4263  3106  INBOUND                        18         0.769        123.140      2.920          17.31           0.00
  BHR  4263  3106  INBOUND-TNIC                    2         0.035          0.930      0.030           0.20           0.00
  CHN  3106  4602  OUTBOUND-CREDIT                 3         0.049          0.200      0.000           0.00           0.00
  CHN  3106  4602  OUTBOUND-CREDIT-TNIC          815        81.117      2,083.280     55.620           0.00           0.00
  CYP  2802  3106  INBOUND                       102         5.480        328.820     14.430           0.00           0.00
  DPC  3106  3028  OUTBOUND-CREDIT                39         0.173         64.350      1.070          -2.61           0.00
  HKG  3106  4542  OUTBOUND-CREDIT                 3         0.008          0.820      0.020          -0.18           0.00
  IDN  3106  5101  OUTBOUND-CREDIT                 5         0.078          0.220      0.000          -0.50           0.00
  IDN  3106  5101  OUTBOUND-CREDIT-TNIC         3814       194.122      8,659.800    221.160      -2,491.71           0.00
  IRL  2724  3106  INBOUND-TNIC                    4         1.925      1,337.250     20.200          22.12           0.00
  IRL  3106  2724  OUTBOUND-CREDIT-TNIC          278        27.261      2,828.280    106.740        -402.00           0.00
  ISR  3106  4251  OUTBOUND-CREDIT                 9         0.123          0.370      0.000          -0.79           0.00
  ISR  3106  4251  OUTBOUND-CREDIT-TNIC         3300        87.785      8,707.910    146.030      -1,402.89           0.00
  ISR  4251  3106  INBOUND                       300        17.557      1,208.560     38.810         112.74           0.00
  ISR  4251  3106  INBOUND-NB                      1         0.056          4.460      0.110           0.00           0.33
  ISR  4251  3106  INBOUND-TNIC                 3654       232.249     46,569.310  1,096.490       2,657.47           0.00
  JPN  3106  4401  OUTBOUND-CREDIT               102         6.528        749.620     13.310         -87.80           0.00
  JPN  3106  4401  OUTBOUND-CREDIT-TNIC            5         4.327      1,306.440     26.220        -135.18           0.00
  JPN  3106  4408  OUTBOUND-CREDIT               230         1.853        464.370      8.220         -44.57           0.00
  JPN  3106  4408  OUTBOUND-CREDIT-TNIC            1         0.150         17.300      0.290          -1.98           0.00
  JPN  3106  4411  OUTBOUND-CREDIT-TNIC           40        15.862      1,963.490     41.140        -252.26           0.00
  JPN  4411  3106  INBOUND                        44         5.105      1,200.630     34.440          58.33           0.00
  JPN  4411  3106  INBOUND-TNIC                 1675       170.112     21,567.070    491.320         975.53           0.00
  KEN  3106  6390  OUTBOUND-CREDIT-TNIC            1         0.008          0.110      0.000          -0.07           0.00
  KEN  6390  3106  INBOUND                        11         0.103          0.720      0.010           0.18           0.00
  KEN  6390  3106  INBOUND-TNIC                  526        22.058      4,611.650     86.460         176.33           0.00
  KOR  3106  4501  OUTBOUND-CREDIT                47        21.698        287.810      6.780         -70.91           0.00
  MCL  3106  2350  OUTBOUND-CREDIT                11         0.032          0.820      0.010          -0.10           0.00
  MCL  3106  2350  OUTBOUND-CREDIT-TNIC          386         3.831      2,513.520     41.290        -112.33           0.00
  MCL  3106  2351  OUTBOUND-CREDIT                 2         0.051          0.110      0.000          -0.18           0.00
  MCL  3106  2351  OUTBOUND-CREDIT-TNIC          153        58.923      4,287.310    131.750      -1,462.96           0.00
  MYS  3106  5021  OUTBOUND-CREDIT                16         0.179         37.070      0.760          -4.25           0.00
  PHP  3106  5151  OUTBOUND-CREDIT                 2         0.051          0.130      0.000          -0.35           0.00
  PHP  3106  5151  OUTBOUND-CREDIT-TNIC          249         7.543      2,497.450     47.940        -338.60           0.00
  SGP  3106  5252  OUTBOUND-CREDIT                36         0.854         25.960      0.430          -4.84           0.00
  SGP  3106  5252  OUTBOUND-CREDIT-TNIC         6073       356.775     33,906.820    598.790      -3,583.16           0.00
  TLX  3106  4873  OUTBOUND-CREDIT                14         0.850        206.100      3.570         -14.92           0.00
  TNT  3106  3110  OUTBOUND-CREDIT-TNIC            2         0.097          0.980      0.270          -0.91           0.00
  TYM  3106  0009  OUTBOUND-CREDIT                 8         0.084          0.510      0.010           0.00           0.00
  UAE  3106  4243  OUTBOUND-CREDIT-TNIC          202        10.681      1,321.260     26.210        -658.65           0.00
  UAE  4243  3106  INBOUND                      1439       137.940     17,856.860    431.330       2,954.37           0.00
  UAE  4243  3106  INBOUND-NB                      1         0.021          1.660      0.070           0.00           0.29
  UAE  4243  3106  INBOUND-TNIC                 1177       325.837     18,872.090    378.680       3,482.46           0.00
  ZAF  3106  6550  OUTBOUND-CREDIT                 1         0.022          0.060      0.000          -0.13           0.00
  ZAF  3106  6550  OUTBOUND-CREDIT-TNIC          262        76.131     24,467.030    398.200      -2,803.33           0.00
  ZAF  6550  3106  INBOUND                        52         7.212        927.870     19.600          52.83           0.00
  ZAF  6550  3106  INBOUND-TNIC                   73        10.392      1,023.700     25.670          71.05           0.00
  ZIM  6482  3106  INBOUND                         3         0.022          0.190      0.000           0.00           0.00
  ZIM  6482  3106  INBOUND-TNIC                   33         2.943        296.000      4.990           0.00           0.00
  DATA MANAGEMENT CO                                                                                             PAGE    1
  JAMAICA                                                                                                        PAGE    1
  TRINIDAD                                                                                                       PAGE    1
  BARBADOS                                                                                                       PAGE    1
  CAYMAN ISLANDS                                                                                                 PAGE    1
  PHILIPPINES GLOBAL COMM. INC.                                                                                  PAGE    1
  PHILIPPINES                                                                                                    PAGE    1
  COSTA RICA                                                                                                     PAGE    1
  COSTA RICA                                                                                                     PAGE    1
 =K