  ARG  3106  7222  OUTBOUND-CREDIT               216       432.726     14,643.930    267.150      -4,199.29           0.00
  ARG  3106  7222  OUTBOUND-CREDIT-TNIC            8         2.948        227.120      4.670         -45.72           0.00
  ARG  7222  3106  INBOUND                      4654       448.828     55,851.950  1,220.460       3,338.58           0.00
  ARG  7222  3106  INBOUND-NB                      6         0.315        105.300      1.310           0.00           3.26
  AUS  3106  5053  OUTBOUND                        2         0.639         34.980      0.690           1.33           0.00
  AUS  5052  3106  INBOUND                      1888       178.318     34,832.280    729.740         908.06           0.00
  AUS  5053  3106  INBOUND                       944        95.236     15,079.270    343.810         439.04           0.00
  AUS  5053  3106  INBOUND-NB                      6         0.058         30.190      0.680           0.00           0.74
  BHR  3106  4263  OUTBOUND-NB                    54         0.627        407.220      7.200           0.00          52.46
  BHR  3106  4263  OUTBOUND-CREDIT                22         1.559        193.970      4.840         -84.43           0.00
  BHR  4263  3106  INBOUND                      2349       266.832     26,269.360    723.680       3,950.66           0.00
  BHR  4263  3106  INBOUND-NB                     69         3.601        507.340     12.800           0.00          72.41
  BMU  3106  3503  OUTBOUND-NB                     1         0.006          5.100      0.090           0.00           0.52
  BMU  3106  3503  OUTBOUND-CREDIT                 5         0.199      1,107.300     26.080        -333.38           0.00
  BMU  3503  3106  INBOUND                       140      7307.025      1,413.070     35.000      14,755.35           0.00
  BMU  3503  3106  INBOUND-NB                      7         0.042          3.940      0.260           0.00           0.47
  CHL  3106  7302  OUTBOUND                        6         0.076         14.890      0.350           0.86           0.00
  CHL  3106  7303  OUTBOUND-CREDIT                 1         0.107          5.880      0.190          -1.83           0.00
  CHL  3106  7305  OUTBOUND                      116        65.126      7,795.060    280.840         691.94           0.00
  CHL  7303  3106  INBOUND                        70         6.049        642.940     13.590          39.29           0.00
  CHN  4602  3106  INBOUND                        22         4.429        199.940      4.890          43.28           0.00
  CHN  4602  3106  INBOUND-TNIC                   15         1.456        165.050      6.120          29.12           0.00
  COL  3106  7322  OUTBOUND                       10         0.517         59.070      1.530           2.05           0.00
  COL  3106  7322  OUTBOUND-CREDIT               967       411.307     47,251.950    841.550      -3,758.58           0.00
  COL  7322  3106  INBOUND                      1206       199.214     24,644.670    492.530         691.75           0.00
  COL  7322  3106  INBOUND-NB                      2         0.108         18.260      0.400           0.00           0.51
  COL  7322  3106  INBOUND-TNIC                    1         0.441         24.790      0.650           1.09           0.00
  CRI  3106  7122  OUTBOUND-CREDIT                 2         1.272          1.250      0.050          -4.48           0.00
  DPC  3106  3020  OUTBOUND                        7         0.056          6.510      0.110           0.18           0.00
  HUN  2161  3106  INBOUND-TNIC                    1         0.078          9.450      0.660           1.47           0.00
  IND  4041  3106  INBOUND                         9         0.124          4.710      0.380           0.51           0.00
  IND  4041  3106  INBOUND-NB                      2         0.103         34.770      1.230           0.00           1.34
  IND  4042  3106  INBOUND                      5603       846.370    108,512.300  2,764.080       3,610.45           0.00
  IND  4042  3106  INBOUND-NB                     56         2.182        937.540     16.140           0.00          18.32
  IND  4043  3106  INBOUND                      1127        93.891     14,120.370    331.050         424.94           0.00
  IND  4043  3106  INBOUND-NB                     19         0.585        199.710      4.010           0.00           4.60
  IRL  2724  3106  INBOUND                      2782       250.865     39,104.570    812.430       1,063.30           0.00
  IRL  2724  3106  INBOUND-NB                      6         0.555        108.900      1.660           0.00           2.22
  IRL  3106  2724  OUTBOUND                       51        15.695        621.900     50.450          66.14           0.00
  IRL  3106  2724  OUTBOUND-CREDIT                52         6.743        837.930     14.310         -63.16           0.00
  IRL  3106  2724  OUTBOUND-TNIC                  70         9.792      1,220.790     20.240          30.03           0.00
  IRL  3106  2724  OUTBOUND-CREDIT-TNIC           68         9.987      2,169.230     35.720        -137.12           0.00
  ISR  3106  4251  OUTBOUND-CREDIT                 2         0.031          0.580      0.020          -0.25           0.00
  JPN  3106  4401  OUTBOUND                       29        50.947      1,110.190     23.930         110.45           0.00
  JPN  3106  4401  OUTBOUND-CREDIT               179        92.045      3,172.810     56.430        -657.00           0.00
  JPN  3106  4406  OUTBOUND                        1         0.026          0.140      0.000           0.04           0.00
  JPN  3106  4408  OUTBOUND                      112         7.846      8,039.810    151.860         235.57           0.00
  JPN  3106  4408  OUTBOUND-CREDIT               190       102.576     11,102.670    197.860      -1,329.42           0.00
  JPN  4410  3106  INBOUND                       216        34.619      6,222.220    138.350         255.13           0.00
  JPN  4410  3106  INBOUND-TNIC                    7         1.551      1,184.760     22.030          34.78           0.00
  KOR  3106  4501  OUTBOUND                        1         0.000          0.060      0.000           0.00           0.00
  KOR  3106  4501  OUTBOUND-CREDIT                19         0.019          1.330      0.010          -0.11           0.00
  KOR  3106  4501  OUTBOUND-TNIC                  38         0.019          2.920      0.030           0.05           0.00
  KOR  3106  4501  OUTBOUND-CREDIT-TNIC            7         0.010          0.480      0.000          -0.05           0.00
  KOR  4500  3106  INBOUND                         9         0.196         23.010      0.590           0.79           0.00
  MAN  3106  5156  OUTBOUND-NB                    30         0.023          0.060      0.100           0.00           0.26
  MAN  3106  5156  OUTBOUND-CREDIT                 3         0.000          0.000      0.000           0.00           0.00
  MAN  5156  3106  INBOUND                       682        50.340      5,188.840    130.430         374.10           0.00
  MAN  5156  3106  INBOUND-NB                    109         4.641        282.460      7.000           0.00          24.44
  MCL  3106  2350  OUTBOUND-CREDIT                 2         0.010          0.160      0.000          -0.03           0.00
  MCL  3106  2351  OUTBOUND-CREDIT-TNIC            1         0.013          0.210      0.010          -0.10           0.00
  MNR  3106  5152  OUTBOUND                     1503        57.365      3,456.570    205.530         427.17           0.00
  MNR  5152  3106  INBOUND                      1479        88.487      8,067.850    225.780         510.62           0.00
  MOR  6041  3106  INBOUND                        11         1.252        105.390      2.820           4.58           0.00
  MOR  6049  3106  INBOUND                        81         4.802        322.700     10.580          17.30           0.00
  MYS  3106  5021  OUTBOUND                      184        27.673      1,227.630     20.850          72.78           0.00
  MYS  3106  5021  OUTBOUND-CREDIT               133        26.037      2,670.670     42.160        -306.91           0.00
  MYS  5021  3106  INBOUND                       717       172.372     14,932.310    357.500         794.79           0.00
  MYS  5021  3106  INBOUND-NB                      1         0.424         90.000      1.630           0.00           3.08
  NZL  3106  5301  OUTBOUND                        2         5.252          3.940      0.210           5.46           0.00
  NZL  3106  5301  OUTBOUND-CREDIT                 1         1.576          1.410      0.060          -4.92           0.00
  PAK  4100  3106  INBOUND                       450       290.740     61,658.150  1,138.410       1,429.15           0.00
  PER  3106  7160  OUTBOUND-CREDIT               266       462.302     51,784.910  1,015.620     -22,886.60           0.00
  PER  7160  3106  INBOUND                      3246       268.965     40,793.960    803.610       5,771.53           0.00
  RCA  3106  3113  OUTBOUND                        9         0.076          0.210      0.000           0.16           0.00
  RCA  3106  3136  OUTBOUND-CREDIT               258        49.406      9,357.230    157.910      -1,306.99           0.00
  SAU  3106  4201  OUTBOUND                      341        43.574      2,166.180     36.550         455.64           0.00
  SEN  6081  3106  INBOUND-TNIC                   41         2.199        549.970     13.050          24.77           0.00
  TAI  3106  4877  OUTBOUND                       99         1.222        294.400      8.070          18.30           0.00
  TAI  3106  4877  OUTBOUND-CREDIT                34         0.737        217.220      5.840         -38.88           0.00
  TAI  4877  3106  INBOUND                       110        12.882      4,372.300     77.810         178.67           0.00
  TCI  3763  3106  INBOUND-NB                     74         0.294          5.710      0.080           0.00           1.16
  THA  3106  5201  OUTBOUND-CREDIT               678       186.041      8,786.020    161.700      -3,224.85           0.00
  TLX  3106  4873  OUTBOUND                      541        10.690      2,413.730     42.620         104.98           0.00
  TLX  3106  4873  OUTBOUND-CREDIT               332         6.725      1,361.380     24.330        -183.55           0.00
  TNT  3106  3110  OUTBOUND-NB                     4         0.129          0.640      0.020           0.00           0.28
  TNT  3106  3110  OUTBOUND-CREDIT                10         1.411        132.320      3.680         -22.76           0.00
  TNT  3110  3106  INBOUND                         6         0.024          0.030      0.000           0.05           0.00
  TUN  6050  3106  INBOUND                         1         0.015          0.060      0.000           0.00           0.00
  TUN  6050  3106  INBOUND-TNIC                   11         0.475         46.470      0.950           0.00           0.00
  TUR  2863  3106  INBOUND                      4698       430.595     44,977.500  1,116.470       1,283.83           0.00
  TUR  2863  3106  INBOUND-NB                      8         0.228         82.430      1.390           0.00           1.34
  TUR  3106  2863  OUTBOUND-CREDIT               338         7.348      2,777.250     42.890        -125.07           0.00
  TYM  0009  3106  INBOUND                         2         0.017          0.070      0.000           0.00           0.00
  TYM  3106  0009  OUTBOUND-NB                     1         0.724          0.430      0.010           0.00           0.00
  URG  3106  7482  OUTBOUND-NB                     3         0.026          0.840      0.030           0.00           0.11
  URG  7482  3106  INBOUND                        23         0.399         48.300      1.230           3.02           0.00
  WAG  3106  3149  OUTBOUND-CREDIT                66         1.351        393.620      6.950         -50.61           0.00
  WAG  3149  3106  INBOUND                         4         0.007          0.020      0.000           0.01           0.00
  WUI  3104  3106  INBOUND                      6029       862.878     47,263.640    905.930       3,426.95           0.00
  WUI  3104  3106  INBOUND-NB                      8        40.544          9.870      0.240           0.00          81.44
  WUI  3104  3106  INBOUND-TNIC                   10         0.727        499.960      9.310          19.45           0.00
  WUI  3106  3102  OUTBOUND-CREDIT                 1         0.008          0.600      0.060          -0.11           0.00
  WUI  3106  3104  OUTBOUND                     5097      1516.358    153,719.590  4,457.010       8,566.39           0.00
  WUI  3106  3104  OUTBOUND-NB                   343       215.569        268.930     46.570           0.00         440.81
  WUI  3106  3104  OUTBOUND-CREDIT             17467      2852.069    201,607.840  4,047.110     -38,884.79           0.00
  AME  3106  3143  OUTBOUND-CREDIT                27         3.625         30.580      0.820          -8.00           0.00
  ARG  3106  7222  OUTBOUND-NB                    31         0.279          0.110      1.350           0.00           0.71
  ARG  3106  7222  OUTBOUND-CREDIT                 4         0.002          0.000      0.030          -0.01           0.00
  ARG  7220  3106  INBOUND                       802       160.482     10,863.500    226.470       1,759.11           0.00
  ARG  7222  3106  INBOUND                       319        34.806      2,941.370     68.550         454.67           0.00
  ARG  7222  3106  INBOUND-NB                      2         1.020         12.790      0.310           0.00           4.14
  ATG  3106  3443  OUTBOUND-NB                    64         1.789          0.230      4.310           0.00           3.59
  ATG  3106  3443  OUTBOUND-CREDIT                 8         0.003          0.000      0.060          -0.02           0.00
  ATG  3443  3106  INBOUND                       612        26.278      4,436.610    111.100         407.46           0.00
  ATT  3106  3134  OUTBOUND                        2         0.562         41.320      0.940           0.90           0.00
  ATT  3106  3134  OUTBOUND-CREDIT               304        36.022      4,526.180     98.560        -242.24           0.00
  ATT  3134  3106  INBOUND                       394        43.330      7,745.470    156.830         120.07           0.00
  AUS  5052  3106  INBOUND                       358        28.656      5,243.150    110.690         139.35           0.00
  AUS  5053  3106  INBOUND                       173        13.898      2,517.970     53.360          67.25           0.00
  BHR  3106  4263  OUTBOUND-NB                    49         0.417         88.910      2.570           0.00          12.15
  BHR  3106  4263  OUTBOUND-CREDIT                24         2.950        306.330      7.670        -137.00           0.00
  BHR  4263  3106  INBOUND                      2398       290.867     28,813.530    783.950       4,328.77           0.00
  BHR  4263  3106  INBOUND-NB                     71        15.119        423.750     11.340           0.00          90.76
  BLZ  7020  3106  INBOUND                        83         3.003        522.330     11.390          16.19           0.00
  BMU  3106  3503  OUTBOUND-CREDIT                 5         0.236         16.610      0.380          -6.40           0.00
  BMU  3503  3106  INBOUND                         8         0.270         97.790      1.730          10.31           0.00
  BRA  3106  7241  OUTBOUND-CREDIT                 8       110.452      4,792.780     85.090      -2,625.68           0.00
  BRA  7249  3106  INBOUND                         3         0.453         89.100      2.080          12.27           0.00
  BVI  3106  3483  OUTBOUND-CREDIT                 1         0.000          0.000      0.000           0.00           0.00
  BVI  3483  3106  INBOUND                        16         3.340        612.130     12.580          77.21           0.00
  BVI  3483  3106  INBOUND-NB                    185         0.800         16.980      0.350           0.00           3.90
  CHN  4602  3106  INBOUND                      2262       260.873     23,872.530    640.650       4,363.44           0.00
  COL  7322  3106  INBOUND                      1167       170.953     12,818.640    266.570         861.86           0.00
  COL  7322  3106  INBOUND-NB                      2         0.045          3.890      0.130           0.00           0.35
  DAM  4150  3106  INBOUND-TNIC                    8         0.478         23.860      0.740           2.86           0.00
  DMR  3106  3701  OUTBOUND                        2         0.010          2.400      0.050           0.29           0.00
  DMR  3106  3701  OUTBOUND-CREDIT                48         3.437      1,226.260     20.220        -439.64           0.00
  DMR  3700  3106  INBOUND                        61         9.008      1,415.750     35.350         181.79           0.00
  DMR  3701  3106  INBOUND                       269        22.207      7,219.220    117.460         867.67           0.00
  DOM  3101  3106  INBOUND                      1121        30.385      1,517.650     40.520         115.35           0.00
  DOM  3106  3101  OUTBOUND                        1         0.069          6.170      0.140           0.36           0.00
  DPC  3025  3106  INBOUND                        19         1.341        164.840      5.210           2.83           0.00
  DPC  3028  3106  INBOUND                       293        39.524      8,723.670    213.600         128.87           0.00
  DPC  3106  3020  OUTBOUND-CREDIT                 5         2.157        191.870      5.210         -11.08           0.00
  HKG  4542  3106  INBOUND                      2056       221.613     41,830.510    791.300       2,081.16           0.00
  HKG  4546  3106  INBOUND                         6         0.048          2.630      0.100           0.31           0.00
  IDN  3106  5101  OUTBOUND-CREDIT              1223        20.597        756.000     13.310        -203.45           0.00
  IDN  5101  3106 UND                      2844       370.589     34,051.590  1,046.240       2,833.67           0.00
  IDN  5101  3106  INBOUND-NB                     80         6.396        886.820     30.130           0.00          73.05
  IRL  3106  2724  OUTBOUND-CREDIT                32         5.383      3,290.890     51.420        -170.41           0.00
  IRL  3106  2724  OUTBOUND-CREDIT-TNIC           28         3.852        565.580      9.330         -39.56           0.00
  ISR  4251  3106  INBOUND                       781        54.032      8,270.830    183.020         474.11           0.00
  ITT  3103  3106  INBOUND                         9         0.223         17.750      0.530           1.08           0.00
  ITT  3106  3103  OUTBOUND                       17         0.103          1.990      0.090           0.27           0.00
  ITT  3106  3103  OUTBOUND-NB                     3         0.065          0.510      0.010           0.00           0.14
  ITT  3106  3103  OUTBOUND-CREDIT                35         0.208          8.550      0.320          -2.17           0.00
  ITT  3106  3103  OUTBOUND-TNIC                   1         0.003          0.080      0.000           0.01           0.00
  ITT  3106  3107  OUTBOUND-NB                    37         2.319          0.170      5.830           0.00           4.64
  ITT  3106  3107  OUTBOUND-CREDIT                10         0.436          0.000     28.780          -2.61           0.00
  JAM  3380  3106  INBOUND                      8552       744.030     46,528.740  1,186.250       2,171.19           0.00
  JPN  3106  4401  OUTBOUND-CREDIT               156        35.023      1,737.930     29.670        -286.29           0.00
  JPN  3106  4408  OUTBOUND-CREDIT               107        76.148      3,958.420     76.310        -674.64           0.00
  JPN  4401  3106  INBOUND                       117         6.094        804.750     22.600          42.32           0.00
  JPN  4401  3106  INBOUND-NB                      1         0.040         25.640      0.450           0.00           0.73
  JPN  4403  3106  INBOUND                        77         3.823        314.920      9.320          19.38           0.00
  JPN  4408  3106  INBOUND                      2161       228.639     26,052.550    583.820       1,198.27           0.00
  JPN  4408  3106  INBOUND-NB                      3         0.207         67.100      1.150           0.00           2.01
  KOR  3106  4501  OUTBOUND-CREDIT                 7         0.007          0.490      0.000          -0.16           0.00
  KOR  3106  4501  OUTBOUND-CREDIT-TNIC            4         0.005          0.270      0.000          -0.09           0.00
  KOR  4500  3106  INBOUND                      1075        79.700      9,067.690    208.480         884.77           0.00
  KOR  4501  3106  INBOUND                        25         1.855        232.910      7.040          22.34           0.00
  MNI  3106  5154  OUTBOUND-NB                    33         0.324          8.100      2.800           0.00           2.18
  MNI  3106  5154  OUTBOUND-CREDIT                 7         0.001          0.000      0.020          -0.01           0.00
  MNI  5154  3106  INBOUND                      2932       279.810     42,540.800  1,029.510       7,220.48           0.00
  MNI  5154  3106  INBOUND-NB                     95        19.586      5,297.680    132.420           0.00         853.40
  MYS  3106  5021  OUTBOUND-CREDIT                65         6.197        309.000      5.550         -52.90           0.00
  NAN  3620  3106  INBOUND-NB                      1         0.010          2.850      0.110           0.00           0.30
  NYX  3106  3144  OUTBOUND-CREDIT               174         3.865         81.880      2.300         -32.02           0.00
  NZL  5301  3106  INBOUND                      2574       285.364     42,190.880    972.020       1,257.38           0.00
  NZL  5301  3106  INBOUND-NB                      1         0.021          6.040      0.140           0.00           0.16
  PAR  3106  7447  OUTBOUND-NB                    29         0.410          0.000      0.920           0.00           1.33
  PAR  3106  7447  OUTBOUND-CREDIT                 4         0.002          0.000      0.030          -0.09           0.00
  PAR  7447  3106  INBOUND                       358        43.779      8,328.270    192.040         235.82           0.00
  PAR  7447  3106  INBOUND-NB                      1         0.110         79.490      1.310           0.00           1.42
  PRI  3106  3300  OUTBOUND-NB                    41         5.918        828.190     12.060           0.00         107.96
  PRI  3106  3300  OUTBOUND-CREDIT                 5         0.008          4.990      0.130          -1.74           0.00
  PRI  3300  3106  INBOUND                        64         4.405        545.070     13.770          72.33           0.00
  QAT  4271  3106  INBOUND                       109        10.868        701.920     17.300          59.05           0.00
  RCA  3106  3136  OUTBOUND-CREDIT                37         4.154      3,671.720     60.840        -421.47           0.00
  SEN  6081  3106  INBOUND-TNIC                   76         4.527      1,110.030     24.500          58.05           0.00
  TAI  3106  4877  OUTBOUND-CREDIT                13         0.256         75.620      2.280         -36.33           0.00
  TAI  4877  3106  INBOUND                      2600       368.115     49,299.270  1,078.160       8,499.17           0.00
  TAI  4877  3106  INBOUND-NB                      1         0.019          2.000      0.060           0.00           0.35
  TCI  3763  3106  INBOUND-NB                     72         0.323          5.630      0.090           0.00           0.48
  TGL  3026  3106  INBOUND                       203        22.695      2,782.510     87.400         129.10           0.00
  TLX  3106  4872  OUTBOUND                        2         0.031          0.300      0.010           0.14           0.00
  TLX  3106  4872  OUTBOUND-CREDIT                84        26.287      4,106.640     71.020      -2,084.57           0.00
  TLX  3106  4873  OUTBOUND                        1         0.017          0.900      0.020           0.18           0.00
  TLX  3106  4873  OUTBOUND-CREDIT               199         5.857      1,174.360     20.500        -581.17           0.00
  TLX  4872  3106  INBOUND                      2043       243.107     15,575.840    413.970       3,065.64           0.00
  TLX  4873  3106  INBOUND                      1752       142.910     27,827.990    639.430       4,602.88           0.00
  TNT  3106  3110  OUTBOUND-NB                     1         0.022          0.220      0.000           0.00           0.05
  TNT  3106  3110  OUTBOUND-CREDIT                13         1.019        110.650      3.050         -18.06           0.00
  TNT  3126  3106  INBOUND                         1         0.008          0.490      0.010           0.03           0.00
  TUR  2863  3106  INBOUND                         6         2.081        143.390      2.960           4.18           0.00
  TUR  2863  3106  INBOUND-TNIC                   82         5.920        476.550     14.240          16.73           0.00
  URG  7482  3106  INBOUND                       603        59.145      9,158.930    204.110         518.60           0.00
  URG  7482  3106  INBOUND-NB                     13         1.793        544.440      9.450           0.00          22.15
  ZAF  3106  6550  OUTBOUND-CREDIT                71         5.821        685.780     20.830        -157.51           0.00
  ZAF  6550  3106  INBOUND                      3495       411.347     39,340.110    980.570       2,741.91           0.00
  ZAF  6550  3106  INBOUND-NB                      2         2.204        416.480      6.730           0.00          17.61
  BHR  3106  4263  OUTBOUND-NB                    23         0.251         49.760      1.180           0.00           6.84
  BHR  3106  4263  OUTBOUND-CREDIT                36         4.055        317.230      8.050        -149.37           0.00
  BHR  4263  3106  INBOUND                      2637       279.459     29,075.240    794.540       4,332.95           0.00
  BHR  4263  3106  INBOUND-NB                     67         5.601      1,209.470     32.320           0.00         165.18
  BMU  3106  3503  OUTBOUND-CREDIT                 6         0.072         11.600      0.190          -3.91           0.00
  CHL  3106  7302  OUTBOUND-CREDIT               121         2.231        359.740      7.580        -151.63           0.00
  CHL  7302  3106  INBOUND                         2         0.194         14.270      0.370           2.26           0.00
  CHL  7305  3106  INBOUND                         6         0.464         79.400      1.510          11.08           0.00
  CRI  7129  3106  INBOUND                         6         0.201         15.310      0.450           0.73           0.00
  DPC  3106  3020  OUTBOUND-CREDIT               266        44.575      3,851.010     96.430        -224.99           0.00
  DPC  3106  3025  OUTBOUND-CREDIT                 7         0.054          0.720      0.010          -0.13           0.00
  HKG  3106  4542  OUTBOUND-CREDIT                22         0.462         33.720      1.150         -10.07           0.00
  HKG  4542  3106  INBOUND                      1611       143.194     29,103.190    570.050       1,462.23           0.00
  HKG  4544  3106  INBOUND                        59         1.111          2.420      0.030           2.57           0.00
  HKG  4545  3106  INBOUND                         9         2.722        960.730     22.040          50.21           0.00
  IDN  5101  3106  INBOUND                        33         5.454        465.020     15.610          42.14           0.00
  IDN  5101  3106  INBOUND-NB                      6         0.126         14.940      0.670           0.00           1.61
  IDN  5101  3106  INBOUND-TNIC                   47         5.049        481.110     13.810          37.73           0.00
  IND  4042  3106  INBOUND                         7         0.761         73.830      2.720           3.48           0.00
  IND  4042  3106  INBOUND-TNIC                    7         0.382         32.670      1.480           1.86           0.00
  IND  4043  3106  INBOUND-TNIC                    3         0.387         95.180      1.580           1.97           0.00
  IRL  3106  2724  OUTBOUND-CREDIT                32         5.459      5,035.410     78.420        -251.63           0.00
  IRL  3106  2724  OUTBOUND-CREDIT-TNIC           31         3.966        371.330      6.320         -30.86           0.00
  JPN  3106  4401  OUTBOUND-CREDIT               203        44.266      2,146.640     39.470        -370.52           0.00
  JPN  3106  4406  OUTBOUND-CREDIT                 1         0.034          0.190      0.000          -0.16           0.00
  JPN  3106  4408  OUTBOUND-CREDIT               103        71.074      3,793.020     73.070        -637.86           0.00
  JPN  4401  3106  INBOUND                       150        14.618      1,687.280     69.300         123.78           0.00
  JPN  4408  3106  INBOUND                      4185       505.426     58,756.510  1,355.950       2,745.33           0.00
  JPN  4408  3106  INBOUND-NB                      6         0.739        195.090      3.340           0.00           6.01
  KOR  3106  4501  OUTBOUND-CREDIT                 5         0.005          0.330      0.000          -0.03           0.00
  KOR  3106  4501  OUTBOUND-CREDIT-TNIC            9         0.012          0.620      0.000          -0.06           0.00
  MAN  5156  3106  INBOUND                      1274       114.211     19,215.760    421.890       1,100.71           0.00
  MAN  5156  3106  INBOUND-NB                      2         0.001          0.290      0.050           0.00           0.12
  MNR  3106  5152  OUTBOUND-NB                   140        12.691        102.830     15.960           0.00          46.55
  MNR  3106  5152  OUTBOUND-CREDIT              1571        57.104      2,367.400     69.830        -618.77           0.00
  MNR  5152  3106  INBOUND                      4042       545.110     34,249.580    770.210       2,137.22           0.00
  MNR  5152  3106  INBOUND-NB                     62        28.668      1,682.910     40.250           0.00         112.00
  MYS  3106  5021  OUTBOUND-CREDIT                77        14.727        845.640     13.910        -128.88           0.00
  NAN  3106  3620  OUTBOUND-NB                    38         5.593          0.110      5.490           0.00          13.99
  NAN  3106  3620  OUTBOUND-CREDIT                 8         0.031          0.000      1.200          -0.23           0.00
  NAN  3620  3106  INBOUND                       930       869.451     20,592.230    516.950       4,490.21           0.00
  NAN  3620  3106  INBOUND-NB                     23         3.336        226.530      5.910           0.00          33.82
  RCA  3106  3113  OUTBOUND-NB                    87         1.245          3.620     14.230           0.00           2.62
  RCA  3106  3113  OUTBOUND-CREDIT                69         0.611          5.410     21.790          -4.25           0.00
  RCA  3106  3113  OUTBOUND-CREDIT-TNIC            6         0.028          0.510      0.000          -0.22           0.00
  RCA  3106  3136  OUTBOUND-CREDIT                 1         0.005          0.130      0.000          -0.04           0.00
  RCA  3113  3106  INBOUND                       204         4.531        226.060      6.820          17.19           0.00
  RCA  3113  3106  INBOUND-NB                      2         0.145          6.070      0.150           0.00           0.51
  SAU  3106  4201  OUTBOUND-CREDIT               365        45.317      2,343.300     43.460      -1,462.33           0.00
  SAU  4201  3106  INBOUND                       182        20.041      4,438.190     83.440         725.84           0.00
  SGP  3106  5252  OUTBOUND-CREDIT                 2         0.022         23.140      0.370          -1.50           0.00
  SGP  5252  3106  INBOUND                      3952       606.879     52,097.720  1,261.590       2,335.43           0.00
  SRI  4132  3106  INBOUND                        97         2.366        306.040     10.330          15.86           0.00
  SRI  4132  3106  INBOUND-TNIC                  286        22.015      3,343.770     77.960         124.96           0.00
  TAI  3106  4877  OUTBOUND-CREDIT                24         0.482        124.160      3.630         -60.21           0.00
  TAI  4877  3106  INBOUND                      1259       125.833     21,221.720    555.670       3,560.72           0.00
  TCI  3763  3106  INBOUND-NB                     71         0.295          5.750      0.090           0.00           0.46
  THA  5201  3106  INBOUND                      4907       772.176     95,980.900  2,060.170       9,222.62           0.00
  THA  5201  3106  INBOUND-NB                     10         0.226         20.460      0.660           0.00           2.08
  TLX  3106  4873  OUTBOUND-CREDIT               175         6.548      1,076.940     19.240        -543.55           0.00
  TLX  4872  3106  INBOUND                         1         0.024          2.000      0.050           0.37           0.00
  TLX  4873  3106  INBOUND                        33         2.007        379.320      9.210          62.92           0.00
  TLX  4873  3106  INBOUND-TNIC                   22         2.130        458.460     11.050          75.16           0.00
  TNT  3106  3110  OUTBOUND-CREDIT                 1         0.143         10.490      0.440          -1.99           0.00
  UAE  3106  4243  OUTBOUND-CREDIT                 2         0.123          1.270      0.030          -0.96           0.00
  UAE  4243  3106  INBOUND                       104        20.555      2,708.960     66.640         174.39           0.00
  ZAF  3106  6550  OUTBOUND-CREDIT                55         0.034          3.020      0.050          -0.52           0.00
  ANG  6315  3106  INBOUND                        60         7.340        286.010      9.060          26.65           0.00
  AUS  5052  3106  INBOUND                       535        57.380      8,395.250    191.470         248.85           0.00
  AUS  5053  3106  INBOUND                       273        22.622      4,174.840     91.860         114.48           0.00
  AUS  5053  3106  INBOUND-NB                      2         0.065         13.880      0.330           0.00           0.39
  BHR  3106  4263  OUTBOUND-NB                    29         0.194         52.840      1.510           0.00           7.09
  BHR  3106  4263  OUTBOUND-CREDIT                32         1.935        151.600      4.230         -71.36           0.00
  BHR  4263  3106  INBOUND                      2315       276.620     28,118.970    779.330       4,206.33           0.00
  BHR  4263  3106  INBOUND-NB                     50         7.416      2,701.710     67.730           0.00         356.25
  BHS  3106  3640  OUTBOUND-CREDIT               144         3.827        865.690     14.370        -282.67           0.00
  BHS  3640  3106  INBOUND                      4659       618.439     14,081.850    349.630       2,645.06           0.00
  BHS  3640  3106  INBOUND-NB                   8806        60.761      2,432.090     55.870           0.00         364.73
  BMU  3106  3503  OUTBOUND-CREDIT                10         0.919      1,092.340     25.810        -333.21           0.00
  BMU  3503  3106  INBOUND                        92       683.697        857.160     23.310       1,453.11           0.00
  BMU  3503  3106  INBOUND-NB                      6         0.085          4.420      0.280           0.00           0.61
  BRB  3423  3106  INBOUND                       538        22.307      2,290.940     66.630         273.70           0.00
  BRB  3423  3106  INBOUND-NB                      2         0.029         12.420      0.390           0.00           1.30
  BUL  2841  3106  INBOUND                       175        13.104      4,960.160    110.430         102.52           0.00
  BUL  2841  3106  INBOUND-NB                     70         4.499      1,083.520     20.090           0.00          20.41
  BUL  2841  3106  INBOUND-TNIC                   60         4.036      1,059.470     17.680          18.02           0.00
  CAM  6242  3106  INBOUND                        22         1.829        519.800      8.930          17.48           0.00
  CAM  6242  3106  INBOUND-TNIC                    1         0.015          1.110      0.090           0.17           0.00
  CAY  3463  3106  INBOUND                       105        10.109      1,571.980     29.950         177.41           0.00
  CHD  6222  3106  INBOUND                         7         0.318         68.150      1.180           2.44           0.00
  COL  7322  3106  INBOUND                      2505       398.049     47,912.410    948.790       1,346.84           0.00
  COL  7322  3106  INBOUND-NB                      6         0.222         35.210      0.840           0.00           1.06
  CPS  3132  3106  INBOUND                        22         2.072        407.460      7.180          18.81           0.00
  CRI  7129  3106  INBOUND                        10         0.445         24.730      0.650           1.23           0.00
  CSC  3106  3137  OUTBOUND-CREDIT                 6         0.553         59.160      1.240          -9.70           0.00
  CZE  2301  3106  INBOUND                       127         3.784        541.280     17.290          17.49           0.00
  CZE  2301  3106  INBOUND-TNIC                  316        31.140      5,900.350    316.280         288.34           0.00
  DPC  3106  3028  OUTBOUND-CREDIT               196         0.654        262.020      4.410         -18.25           0.00
  EGY  6020  3106  INBOUND                      1991       219.625     36,347.570    877.200       4,074.00           0.00
  EGY  6020  3106  INBOUND-TNIC                    2         0.091         19.260      0.880           2.10           0.00
  FTC  3124  3106  INBOUND                      3411      1435.469     13,359.430    410.770       3,351.58           0.00
  GTM  7042  3106  INBOUND                       605        23.813      2,879.800     68.730         335.60           0.00
  GTM  7042  3106  INBOUND-NB                      5         0.736        187.030      3.340           0.00          20.17
  GTM  7044  3106  INBOUND                       270         6.550        648.210     16.070          77.92           0.00
  GTM  7044  3106  INBOUND-NB                      3         0.093         10.270      0.250           0.00           1.21
  HUN  2161  3106  INBOUND                         1         0.005          0.110      0.000           0.02           0.00
  HUN  2161  3106  INBOUND-TNIC                  531        55.213      8,506.790    305.040         720.51           0.00
  IDN  5101  3106  INBOUND                        52         7.625        760.560     17.330          49.92           0.00
  IDN  5101  3106  INBOUND-NB                      2         0.029          4.630      0.130           0.00           0.32
  IDN  5101  3106  INBOUND-TNIC                  113        15.994      1,378.840     27.090          86.16           0.00
  IND  4042  3106  INBOUND                         7         0.460         55.570      1.880           2.34           0.00
  IND  4042  3106  INBOUND-TNIC                    9         2.280        152.610      4.090           6.37           0.00
  IRL  3106  2724  OUTBOUND-CREDIT                56         8.472      1,579.880     26.410        -104.64           0.00
  IRL  3106  2724  OUTBOUND-CREDIT-TNIC           69         9.482      1,244.760     20.690         -90.52           0.00
  JAM  3106  3380  OUTBOUND-NB                   102         3.227          0.530      4.870           0.00           6.50
  JAM  3106  3380  OUTBOUND-CREDIT                33         3.662          0.000     46.480         -21.97           0.00
  JAM  3380  3106  INBOUND                      1450       262.861     24,756.070    679.670       3,001.33           0.00
  JAM  3380  3106  INBOUND-NB                   7557        57.819      6,166.460    150.320           0.00         732.28
  JPN  3106  4401  OUTBOUND-CREDIT               309        71.483      3,713.440     63.640        -597.92           0.00
  JPN  3106  4408  OUTBOUND-CREDIT               226       327.512     14,749.890    297.050      -2,763.68           0.00
  JPN  4401  3106  INBOUND                       213         9.830        814.910     18.260          41.43           0.00
  JPN  4408  3106  INBOUND                      2672       314.984     33,817.860    715.980       1,520.55           0.00
  JPN  4408  3106  INBOUND-NB                      5         0.519         97.070      1.820           0.00           3.45
  KOR  3106  4501  OUTBOUND-CREDIT                 6         0.006          0.400      0.000          -0.13           0.00
  KOR  3106  4501  OUTBOUND-CREDIT-TNIC           18         0.024          1.240      0.010          -0.44           0.00
  MCL  2350  3106  INBOUND                       444       105.890     18,159.180    317.100         351.06           0.00
  MCL  2351  3106  INBOUND                      1277       229.319     25,961.820  1,009.570       2,825.50           0.00
  MOZ  6435  3106  INBOUND                        38         4.775        864.180     17.570           0.00           0.00
  MYS  3106  5021  OUTBOUND-CREDIT               154        20.168      1,154.920     19.960        -180.58           0.00
  NAN  3620  3106  INBOUND                       961     20143.103      6,620.890    165.000      40,948.29           0.00
  NAN  3621  3106  INBOUND                         9         0.026          2.080      0.050           0.26           0.00
  NAN  3621  3106  INBOUND-TNIC                   16         0.712         63.460      1.720           7.77           0.00
  NZL  3106  5301  OUTBOUND-CREDIT                 1         3.675          2.520      0.140         -11.46           0.00
  PAN  3106  7141  OUTBOUND-NB                    74         1.962         89.990      4.130           0.00          12.86
  PAN  3106  7141  OUTBOUND-CREDIT               728        11.959        856.170     67.890        -327.49           0.00
  PAN  7141  3106  INBOUND                      4456       891.544     55,113.180  1,252.970       7,267.44           0.00
  PAN  7141  3106  INBOUND-NB                     13        36.148      7,679.520    191.970           0.00         839.16
  PAN  7142  3106  INBOUND                       428        86.862      6,176.770    154.190         791.40           0.00
  PHP  5151  3106  INBOUND                      1072        18.093      4,947.170    103.520         247.72           0.00
  PHP  5151  3106  INBOUND-TNIC                    1         0.096          2.970      0.060           0.34           0.00
  RCA  3106  3136  OUTBOUND-CREDIT                63         8.393      2,590.780     45.370        -330.16           0.00
  SEN  6081  3106  INBOUND-TNIC                   73         3.495        881.280     20.570          39.11           0.00
  SGP  3106  5252  OUTBOUND-CREDIT                88         3.389        513.620      8.880         -46.04           0.00
  SGP  5252  3106  INBOUND                      4137       646.441     52,023.280  1,161.570       2,259.85           0.00
  SRI  4132  3106  INBOUND                       134         2.121        200.790      6.550          10.84           0.00
  SRI  4132  3106  INBOUND-TNIC                  259        20.526      2,797.850     70.270         113.49           0.00
  TAI  3106  4877  OUTBOUND-CREDIT                33         0.579        181.070      5.200         -86.69           0.00
  TAI  4877  3106  INBOUND                        41        29.293        239.560      8.060         123.81           0.00
  TCI  3763  3106  INBOUND-NB                     70         0.312          5.450      0.080           0.00           0.00
  TLX  3106  4873  OUTBOUND-CREDIT               348         9.649      2,757.240     46.680      -1,327.58           0.00
  TLX  3106  8010  OUTBOUND                      380         8.023        429.110     10.860          31.47           0.00
  TLX  3106  8020  OUTBOUND                       59         1.003         42.080      1.120           3.51           0.00
  TLX  3106  8030  OUTBOUND                        5         0.179          3.600      0.090           0.48           0.00
  TLX  3106  8231  OUTBOUND                     3850       129.806      3,502.370    186.950         385.50           0.00
  TLX  3106  8231  OUTBOUND-NB                     2         0.018          0.160      0.010           0.00           0.04
  TLX  4873  3106  INBOUND                        32         2.248        432.750      9.280          71.65           0.00
  TLX  4873  3106  INBOUND-TNIC                   56         3.363        572.200     12.970          95.91           0.00
  TNT  3106  3110  OUTBOUND-CREDIT               281        44.159      3,394.370    142.220        -631.52           0.00
  TRT  3106  3119  OUTBOUND                      940        16.158      6,205.950    158.420         255.67           0.00
  TRT  3106  3119  OUTBOUND-NB                    52         2.298          1.950      6.470           0.00           4.66
  TRT  3106  3119  OUTBOUND-CREDIT              1182       112.352     17,969.180    727.890      -2,614.70           0.00
  TRT  3119  3106  INBOUND                       295        44.954     10,993.250    227.960         485.65           0.00
  TRT  3119  3106  INBOUND-NB                      7         0.311         86.640      1.930           0.00           3.74
  TTO  3106  3740  OUTBOUND-NB                    35         0.646          0.530      1.040           0.00           3.37
  TTO  3106  3740  OUTBOUND-CREDIT                92         4.358        574.150     43.230        -285.56           0.00
  TTO  3740  3106  INBOUND                       573       383.292      3,636.550    107.920         982.42           0.00
  TTO  3740  3106  INBOUND-NB                     16         1.542        232.470      5.800           0.00          14.69
  TTO  3745  3106  INBOUND                       267        33.466      2,470.270    100.210         267.35           0.00
  TUN  6050  3106  INBOUND                        35         1.770        128.290      2.750           0.00           0.00
  BMU  3503  3106  INBOUND                        17      7365.609          0.000      0.000      14,731.21           0.00
  BRB  3106  3423  OUTBOUND-NB                   145         1.535        195.190     10.930           0.00          22.59
  BRB  3106  3423  OUTBOUND-CREDIT               105        62.598      2,581.390     62.200      -1,150.00           0.00
  BRB  3423  3106  INBOUND                       834      1364.169     12,060.400    300.890       3,934.37           0.00
  BRB  3423  3106  INBOUND-NB                     55         7.420        770.660     19.240           0.00          91.90
  CAY  3106  3463  OUTBOUND-NB                    63         0.736          0.350      3.700           0.00           1.50
  CAY  3106  3463  OUTBOUND-CREDIT                 8         0.004          0.000      0.060          -0.02           0.00
  CAY  3463  3106  INBOUND                      1044       114.434     10,325.980    257.660       1,261.46           0.00
  CAY  3463  3106  INBOUND-NB                   1135      1901.796      7,549.530    188.250           0.00       4,558.54
  COL  3106  7322  OUTBOUND-NB                     1         0.016          0.230      0.010           0.00           0.05
  DUS  3106  3151  OUTBOUND-CREDIT               175       334.455     29,178.850  1,807.530      -3,855.57           0.00
  MOR  6041  3106  INBOUND                        41         3.645        344.310      8.990          14.22           0.00
  MOR  6049  3106  INBOUND                       188        13.355      1,288.100     35.370          54.81           0.00
  RCA  3106  3136  OUTBOUND-CREDIT                 6         0.112          3.940      0.190          -1.09           0.00
  SGP  3106  5252  OUTBOUND-CREDIT                53         2.644      1,051.460     19.980         -84.87           0.00
  TCI  3763  3106  INBOUND-NB                     68         0.291          5.450      0.090           0.00           0.44
  TNT  3106  3110  OUTBOUND-CREDIT                 7         0.246          2.220      0.280          -1.71           0.00
  TRT  3106  3119  OUTBOUND                       64         7.321        475.290     18.870          31.75           0.00
  BT NORTH AMERICA                                                                                               PAGE    1
  TYMNET                                                                                                         PAGE    1
  AUS  5052  3106  INBOUND                        72         6.576      1,170.770     25.470          32.05           0.00
  AUS  5053  3106  INBOUND                        35        14.560      2,067.010     52.160          66.72           0.00
  BHR  4263  3106  INBOUND                        83         6.887      1,181.200     27.230         164.86           0.00
  BLZ  7020  3106  INBOUND                        73         2.120        317.270      7.420          10.73           0.00
  BMU  3503  3106  INBOUND                        15         0.556        143.930      2.700           4.89           0.00
  CHL  7302  3106  INBOUND                      1554       177.496     21,577.500    579.250       1,513.51           0.00
  CHL  7305  3106  INBOUND                       460        55.568      6,470.140    181.940         475.01           0.00
  DMR  3701  3106  INBOUND                        44        12.001      3,186.440     93.840         388.47           0.00
  HKG  4542  3106  INBOUND                        40        14.094      3,677.270     71.650         175.01           0.00
  ISR  4251  3106  INBOUND                       769        53.014      7,635.840    180.470         459.92           0.00
  JPN  4400  3106  INBOUND                       391        44.436     11,080.690    922.280       2,944.60           0.00
  KEN  6390  3106  INBOUND                         4         0.070          8.530      0.240           0.51           0.00
  MAN  5156  3106  INBOUND                      1310       159.434     33,281.300    576.690       1,512.07           0.00
  MEX  3340  3106  INBOUND-NB                      2         0.031          4.850      0.160           0.00           0.19
  MYS  5021  3106  INBOUND                       688       162.115     14,077.310    329.160         736.89           0.00
  TNT  3106  3110  OUTBOUND-CREDIT               527        33.847      4,578.310    128.020        -697.50           0.00
  TNT  3110  3106  INBOUND                      4284       287.432     37,009.280    784.490       1,906.98           0.00
  TNT  3110  3106  INBOUND-NB                      2         0.037         11.190      0.260           0.00           0.47
  TUR  2862  3106  INBOUND                       218        18.305      1,730.600     41.150          49.33           0.00
  VEN  7341  3106  INBOUND                        62        29.314      8,475.140    174.700          76.50           0.00
  C&W-HONG KONG                                                                                                  PAGE    1
  C&W-HONG KONG                                                                                                  PAGE    1
  AUS  3106  5052  OUTBOUND-CREDIT                 1         0.020          3.670      0.070          -0.27           0.00
  BHR  4263  3106  INBOUND                         8         0.386         85.820      1.730          11.69           0.00
  CHN  3106  4602  OUTBOUND-CREDIT                11         0.158          0.670      0.010           0.00           0.00
  CHN  3106  4602  OUTBOUND-CREDIT-TNIC         3065       124.024     11,669.340    346.060           0.00           0.00
  CYP  2802  3106  INBOUND                       413        27.615     12,013.140    231.640           0.00           0.00
  CYP  2802  3106  INBOUND-TNIC                    4         1.067         76.390      2.260           0.00           0.00
  CYP  3106  2802  OUTBOUND-CREDIT                 9         0.230          0.510      0.000           0.00           0.00
  CYP  3106  2802  OUTBOUND-CREDIT-TNIC          201        14.003      2,316.630     52.140           0.00           0.00
  CZE  2301  3106  INBOUND                        80         2.822        418.640     14.490          14.36           0.00
  CZE  2301  3106  INBOUND-NB                      1         0.012          4.150      0.110           0.00           0.10
  CZE  2301  3106  INBOUND-TNIC                  368        26.440      5,390.340    324.140         290.96           0.00
  CZE  3106  2301  OUTBOUND-CREDIT                 1         0.000          0.000      0.000           0.00           0.00
  CZE  3106  2301  OUTBOUND-CREDIT-TNIC          119        34.372      5,950.800    259.810        -732.50           0.00
  EGY  6020  3106  INBOUND                         2         0.115         21.090      0.500           2.34           0.00
  EGY  6020  3106  INBOUND-TNIC                    3         0.091         25.240      0.500           2.70           0.00
  HKG  4540  3106  INBOUND                       197       118.783     16,379.450    492.840       1,070.34           0.00
  IDN  3106  5101  OUTBOUND-CREDIT               309         4.053         32.100      0.950         -30.05           0.00
  IDN  3106  5101  OUTBOUND-CREDIT-TNIC         6122       180.344      8,264.050    184.010      -2,186.17           0.00
  IND  3106  4042  OUTBOUND-CREDIT                16         0.046          1.150      0.010          -0.18           0.00
  IND  3106  4042  OUTBOUND-CREDIT-TNIC           54         1.509        588.080     10.620         -36.39           0.00
  IND  3106  4043  OUTBOUND-CREDIT                 6         0.006          0.380      0.000          -0.03           0.00
  IND  3106  4043  OUTBOUND-CREDIT-TNIC            1         0.031          4.370      0.130          -0.48           0.00
  IRL  3106  2724  OUTBOUND-CREDIT                24         0.061          1.620      0.020          -0.25           0.00
  IRL  3106  2724  OUTBOUND-CREDIT-TNIC          791       224.977     20,209.180    468.870      -2,081.55           0.00
  ISR  3106  4251  OUTBOUND-CREDIT               195         0.830         12.230      0.190          -6.15           0.00
  ISR  3106  4251  OUTBOUND-CREDIT-TNIC         5064        83.738      8,312.690    143.220      -1,361.78           0.00
  ISR  4251  3106  INBOUND                       830        94.170     13,042.280    281.120         750.58           0.00
  ISR  4251  3106  INBOUND-TNIC                13357       907.933    136,655.250  3,234.780       8,285.43           0.00
  JPN  3106  4401  OUTBOUND-CREDIT               140         5.269        931.300     15.800         -93.25           0.00
  JPN  3106  4408  OUTBOUND-CREDIT                18        20.439        644.810     15.030        -156.98           0.00
  JPN  3106  4408  OUTBOUND-CREDIT-TNIC           11         2.387        246.430      4.120         -28.82           0.00
  JPN  3106  4411  OUTBOUND-CREDIT-TNIC           72        11.900      2,130.850     44.660        -250.31           0.00
  JPN  4411  3106  INBOUND                        39         4.384        622.180     23.470          41.09           0.00
  JPN  4411  3106  INBOUND-TNIC                 1289       156.785     22,950.880    490.150         954.17           0.00
  KEN  6390  3106  INBOUND                       120         7.946      1,863.420     41.580          80.48           0.00
  KEN  6390  3106  INBOUND-TNIC                  625        27.625      5,404.470    103.790         213.53           0.00
  MCL  3106  2350  OUTBOUND-CREDIT-TNIC          485         7.217      2,397.940     47.980        -137.41           0.00
  MCL  3106  2351  OUTBOUND-CREDIT-TNIC          223        93.004      8,820.080    259.620      -2,925.03           0.00
  MCL  3106  2352  OUTBOUND-CREDIT-TNIC           64         3.019        653.340     29.180        -205.06           0.00
  MNR  5152  3106  INBOUND-TNIC                    1         0.288         27.180      0.500           1.29           0.00
  MOR  6041  3106  INBOUND                         1         0.008          0.340      0.040           0.06           0.00
  MOR  6041  3106  INBOUND-TNIC                    2         0.028          1.140      0.040           0.08           0.00
  MOR  6049  3106  INBOUND                       462        15.063      1,959.270     51.140          74.46           0.00
  MOR  6049  3106  INBOUND-TNIC                    1         0.017          0.270      0.010           0.03           0.00
  MYS  3106  5021  OUTBOUND-CREDIT                21         0.589        110.230      2.000         -11.66           0.00
  NZL  5301  3106  INBOUND                        14         2.205        361.350     10.150          12.36           0.00
  NZL  5301  3106  INBOUND-TNIC                   34         3.070        518.730     13.400          16.47           0.00
  PAK  3106  4100  OUTBOUND-CREDIT-TNIC           87         6.614      2,622.350     47.490        -162.33           0.00
  PHP  3106  5151  OUTBOUND-CREDIT                14         0.177          0.810      0.010          -1.28           0.00
  PHP  3106  5151  OUTBOUND-CREDIT-TNIC          681        43.511     12,737.480    214.560      -1,581.04           0.00
  SAU  4201  3106  INBOUND                       420        37.060      4,474.920    111.370         782.40           0.00
  SAU  4201  3106  INBOUND-NB                      5         0.659        191.100      3.360           0.00          30.64
  SAU  4201  3106  INBOUND-TNIC                 2283       202.004     45,917.150    850.530       7,493.52           0.00
  SGP  3106  5252  OUTBOUND-CREDIT               771         2.255         49.540      0.840         -11.57           0.00
  SGP  3106  5252  OUTBOUND-CREDIT-TNIC         7243       462.689     15,914.290    390.350      -3,198.63           0.00
  TAI  3106  4877  OUTBOUND-CREDIT                 1         0.008          0.970      0.020          -0.51           0.00
  TLX  3106  4873  OUTBOUND-CREDIT                27         0.837        128.150      2.580         -11.53           0.00
  TNT  3106  3110  OUTBOUND-CREDIT-TNIC            5         0.053          6.240      0.200          -0.64           0.00
  TUR  2863  3106  INBOUND                         3         0.514         46.930      0.860           1.14           0.00
  TUR  2863  3106  INBOUND-NB                      1         0.033         10.810      0.230           0.00           0.22
  TUR  2863  3106  INBOUND-TNIC                  138         7.300        574.170     16.220          19.52           0.00
  UAE  3106  4243  OUTBOUND-CREDIT                15         0.124          0.850      0.010          -1.12           0.00
  UAE  3106  4243  OUTBOUND-CREDIT-TNIC          906        54.245      5,000.780     96.690      -2,575.81           0.00
  UAE  4243  3106  INBOUND                      2739       361.287     55,820.510  1,253.830       9,095.58           0.00
  UAE  4243  3106  INBOUND-TNIC                 2049       292.476     38,326.900  1,020.390       6,333.93           0.00
  ZAF  3106  6550  OUTBOUND-CREDIT                 1         0.025          0.060      0.000          -0.15           0.00
  ZAF  3106  6550  OUTBOUND-CREDIT-TNIC          485        92.249     40,293.460    662.620      -4,461.25           0.00
  ZAF  6550  3106  INBOUND                       108        15.920      1,958.760     46.300         122.58           0.00
  ZAF  6550  3106  INBOUND-TNIC                   94        15.130      2,396.320     51.860         131.97           0.00
  ZIM  6484  3106  INBOUND                        12         0.199          0.790      0.010           0.00           0.00
  ZIM  6484  3106  INBOUND-TNIC                  237        14.846      2,240.800     57.170           0.00           0.00
  DATA MANAGEMENT CO                                                                                             PAGE    1
  JAMAICA                                                                                                        PAGE    1
  TRINIDAD                                                                                                       PAGE    1
  BARBADOS                                                                                                       PAGE    1
  CAYMAN ISLANDS                                                                                                 PAGE    1
  PHILIPPINES GLOBAL COMM. INC.                                                                                  PAGE    1
  PHILIPPINES                                                                                                    PAGE    1
  COSTA RICA                                                                                                     PAGE    1
  COSTA RICA                                                                                                     PAGE    1
   .oqI