  ARG  3106  7222  OUTBOUND-CREDIT                 4         0.136         18.890      0.310          -2.70           0.00
  ARG  7222  3106  INBOUND                       284        18.898      3,806.660     82.310         202.42           0.00
  AUS  3106  5052  OUTBOUND-CREDIT                 2         0.195         50.390      0.810          -3.03           0.00
  AUS  3106  5053  OUTBOUND                       26         4.193        194.140      4.330           8.52           0.00
  AUS  3106  5053  OUTBOUND-CREDIT                 6         0.356         20.200      7.170         -22.59           0.00
  AUS  5052  3106  INBOUND                      2173       198.233     33,070.900    745.710         943.95           0.00
  AUS  5053  3106  INBOUND                      1085       137.606     20,686.070    436.480         574.09           0.00
  AUS  5053  3106  INBOUND-NB                      5         0.040         10.810      0.430           0.00           0.47
  BHR  3106  4263  OUTBOUND-NB                   143         0.915          0.000      7.820           0.00           2.28
  BHR  3106  4263  OUTBOUND-CREDIT              2572         6.463        488.610      7.830        -231.56           0.00
  BHR  4263  3106  INBOUND                      1782       205.524     23,641.750    614.440       3,468.96           0.00
  BHR  4263  3106  INBOUND-NB                    143        27.630      1,782.160     48.880           0.00         291.84
  BMU  3106  3503  OUTBOUND-NB                    30         0.198          0.000      2.800           0.00           0.39
  BMU  3106  3503  OUTBOUND-CREDIT                17         5.607        297.900      7.940        -123.01           0.00
  BMU  3503  3106  INBOUND                       629      2074.022      8,763.440    221.670       5,024.39           0.00
  BMU  3503  3106  INBOUND-NB                     49        48.097      3,757.120     93.920           0.00         471.90
  CHL  3106  7302  OUTBOUND                        1         0.017          1.880      0.050           0.13           0.00
  CHL  3106  7305  OUTBOUND                      114        49.087      4,816.820    123.600         345.38           0.00
  CHL  7303  3106  INBOUND                         9         0.628         61.060      1.290           3.84           0.00
  CHN  4602  3106  INBOUND                         6         1.183         43.350      1.240          10.05           0.00
  CHN  4602  3106  INBOUND-TNIC                    7         0.135         11.310      0.250           2.10           0.00
  COL  3106  7322  OUTBOUND                       12         1.015         61.250      1.940           2.96           0.00
  COL  3106  7322  OUTBOUND-CREDIT                58         3.208        592.060      9.420         -37.90           0.00
  COL  7322  3106  INBOUND                      1231       202.147     26,143.130    535.240         737.39           0.00
  COL  7322  3106  INBOUND-NB                      6         0.557         56.720      1.160           0.00           1.71
  COL  7322  3106  INBOUND-TNIC                  124        10.238      1,506.430     31.900          42.14           0.00
  DPC  3106  3020  OUTBOUND-CREDIT               478       112.991      7,883.620    174.090        -949.41           0.00
  DPC  3106  3025  OUTBOUND-CREDIT                 7         0.056          0.620      0.010          -0.18           0.00
  DPC  3106  3025  OUTBOUND-CREDIT-TNIC            3         0.021          1.820      0.140          -0.59           0.00
  DPC  3106  3028  OUTBOUND-CREDIT                19         0.055         15.640      0.270          -1.18           0.00
  HKG  3106  4542  OUTBOUND-CREDIT                10         0.068          9.900      0.180          -1.31           0.00
  HKG  3106  4545  OUTBOUND-CREDIT                 1         0.023          8.190      0.140          -0.90           0.00
  HUN  3106  2161  OUTBOUND-TNIC                   1         0.113          1.960      0.080           0.39           0.00
  IND  3106  4042  OUTBOUND-CREDIT               563         9.303      1,833.000     57.840        -201.43           0.00
  IND  4042  3106  INBOUND                      3522       474.605     45,953.990  1,312.560       1,787.17           0.00
  IND  4042  3106  INBOUND-NB                     55         1.607        313.240      7.110           0.00           8.71
  IRL  2724  3106  INBOUND                      2773       260.201     49,672.070    974.910       1,235.12           0.00
  IRL  2724  3106  INBOUND-NB                      5         0.352         51.990      1.070           0.00           1.42
  IRL  3106  2724  OUTBOUND                       21         1.452        199.180      7.260           8.72           0.00
  IRL  3106  2724  OUTBOUND-CREDIT               290        43.829     23,027.660    361.610      -1,216.31           0.00
  ISR  3106  4251  OUTBOUND-NB                     1         0.020          0.260      0.010           0.00           0.06
  ISR  3106  4251  OUTBOUND-CREDIT                 2         0.004          0.130      0.000          -0.03           0.00
  JPN  3106  4401  OUTBOUND                       20         0.174         16.410      0.400           0.84           0.00
  JPN  3106  4401  OUTBOUND-CREDIT               179        41.086      2,802.970     53.540        -418.72           0.00
  JPN  3106  4408  OUTBOUND                        4         1.670      1,482.280     33.420          51.76           0.00
  JPN  3106  4408  OUTBOUND-CREDIT                65        20.338     12,997.520    233.160      -1,121.73           0.00
  JPN  4410  3106  INBOUND                       189        21.349      2,813.560     53.600         110.55           0.00
  KOR  4500  3106  INBOUND                      1321       111.072      7,997.840    168.980         280.05           0.00
  MAN  3106  5156  OUTBOUND-NB                    71         0.059          0.120      0.280           0.00           0.70
  MAN  3106  5156  OUTBOUND-CREDIT                11         0.007          0.060      0.010          -0.16           0.00
  MAN  5156  3106  INBOUND                        33         8.034        693.290     17.310          52.70           0.00
  MAN  5156  3106  INBOUND-NB                     83         5.244        348.430      8.660           0.00          29.13
  MCL  2350  3106  INBOUND                         6         0.018          0.270      0.000           0.01           0.00
  MCL  3106  2350  OUTBOUND-CREDIT                 9         0.207          0.720      0.000          -0.53           0.00
  MNR  3106  5152  OUTBOUND                      194        16.038      2,513.090    369.690         626.80           0.00
  MNR  5152  3106  INBOUND                      1585        76.000      7,842.220    235.720         506.47           0.00
  MYS  3106  5021  OUTBOUND                       18         0.105         11.020      0.310           0.62           0.00
  MYS  3106  5021  OUTBOUND-CREDIT                13         0.210         49.010      0.930          -5.13           0.00
  MYS  5021  3106  INBOUND                       629       167.147     27,096.110    550.270       1,076.12           0.00
  MYS  5021  3106  INBOUND-NB                      2         0.161         23.820      0.520           0.00           1.02
  NZL  3106  5301  OUTBOUND                        1         0.012          3.060      0.070           0.08           0.00
  NZL  3106  5301  OUTBOUND-CREDIT                 2         0.293         54.170      3.600         -11.68           0.00
  NZL  3106  5301  OUTBOUND-CREDIT-TNIC            3         1.902        273.850      8.460         -31.11           0.00
  NZL  5301  3106  INBOUND-TNIC                    2         0.014          1.100      0.030           0.04           0.00
  PER  3106  7160  OUTBOUND-CREDIT                93       383.110     22,532.090    441.980     -11,322.85           0.00
  PER  7160  3106  INBOUND                      1756       257.891     38,522.830    768.580       5,460.01           0.00
  SEN  6081  3106  INBOUND-TNIC                   51         1.614        344.980      8.950          17.16           0.00
  SGP  3106  5252  OUTBOUND-CREDIT                59       307.893     15,542.480    372.990      -2,553.33           0.00
  SGP  3106  5252  OUTBOUND-CREDIT-TNIC            2        18.336        135.960      9.240        -103.41           0.00
  TAI  3106  4877  OUTBOUND                       99         0.737        324.090      7.710          16.64           0.00
  TAI  3106  4877  OUTBOUND-CREDIT                32         0.607        302.260      6.960         -44.73           0.00
  TAI  4877  3106  INBOUND                       437        25.569      5,198.170    155.060         355.82           0.00
  TCI  3106  3763  OUTBOUND-NB                     4         0.000          0.000      0.000           0.00           0.00
  TCI  3106  3763  OUTBOUND-CREDIT                10         0.001          0.000      0.000           0.00           0.00
  TCI  3763  3106  INBOUND-NB                    727         3.102         55.020      0.820           0.00          11.70
  TLX  3106  4873  OUTBOUND                        4        25.720        264.710      5.040          60.60           0.00
  TLX  3106  4873  OUTBOUND-CREDIT                22         8.194        170.420      3.340         -68.22           0.00
  TLX  4873  3106  INBOUND                       695        76.330     15,237.240    357.080         853.79           0.00
  TNT  3106  3110  OUTBOUND                        9         0.904        187.990      6.970           8.57           0.00
  TNT  3106  3110  OUTBOUND-CREDIT                20         2.285        186.070      8.210         -33.80           0.00
  TNT  3106  3110  OUTBOUND-CREDIT-TNIC            4         0.034          2.130      0.060          -0.43           0.00
  TNT  3110  3106  INBOUND                         4         0.078          0.080      0.000           0.15           0.00
  TUN  6050  3106  INBOUND-TNIC                   13         0.604         67.160      1.340           0.00           0.00
  TUR  2863  3106  INBOUND                      3030       170.984     24,497.010    514.360         568.67           0.00
  TUR  2863  3106  INBOUND-NB                      1         0.079         62.970      0.830           0.00           0.76
  TUR  3106  2863  OUTBOUND-CREDIT               219         5.539      2,319.620     36.140        -103.78           0.00
  TYM  3106  0009  OUTBOUND-CREDIT                 6         0.012          0.450      0.000           0.00           0.00
  URG  7482  3106  INBOUND                         9         0.141         11.350      0.370           0.94           0.00
  WAG  3149  3106  INBOUND                         1         0.027          0.000      0.000           0.05           0.00
  WUI  3104  3106  INBOUND                      4077       930.262     36,940.120    741.670       3,190.17           0.00
  WUI  3104  3106  INBOUND-NB                    294        61.373      1,512.860     37.700           0.00         177.19
  WUI  3106  3104  OUTBOUND                     3689       957.900     81,803.400  2,327.670       4,860.54           0.00
  WUI  3106  3104  OUTBOUND-NB                   545         4.960         15.590     42.340           0.00          10.48
  WUI  3106  3104  OUTBOUND-CREDIT             10979       195.949     68,151.970  1,182.400      -8,535.32           0.00
  ZAF  6550  3106  INBOUND                         2         0.033          1.600      0.140           0.34           0.00
  ARG  3106  7222  OUTBOUND-CREDIT                 6         0.000          0.000      0.000           0.00           0.00
  ARG  7220  3106  INBOUND                       929       247.625     11,412.260    605.390       2,045.56           0.00
  ARG  7220  3106  INBOUND-NB                      1         0.414         44.300      0.740           0.00           6.57
  ARG  7222  3106  INBOUND                        21         4.308        903.220     19.780         123.67           0.00
  ARG  7222  3106  INBOUND-NB                      4         2.718         15.770      0.390           0.00           8.76
  ATG  3106  3443  OUTBOUND-NB                   136         1.821          0.000      9.120           0.00           3.64
  ATG  3106  3443  OUTBOUND-CREDIT                13         0.001          0.000      0.000          -0.01           0.00
  ATG  3443  3106  INBOUND                       330        12.739      2,536.570     63.670         228.39           0.00
  AUS  3106  5052  OUTBOUND-CREDIT                 2         0.007          1.920      0.030          -0.13           0.00
  AUS  5052  3106  INBOUND                       379        31.795      6,423.450    134.280         166.08           0.00
  AUS  5053  3106  INBOUND                       182        12.829      2,333.680     47.170          60.00           0.00
  BHR  3106  4263  OUTBOUND-NB                   130         0.675          0.000      7.140           0.00           1.68
  BHR  3106  4263  OUTBOUND-CREDIT              2390         6.211        187.760      3.350        -116.85           0.00
  BHR  4263  3106  INBOUND                      2022       260.109     30,585.340    780.400       4,473.36           0.00
  BHR  4263  3106  INBOUND-NB                    189        31.286      2,417.290     61.860           0.00         380.37
  BHR  4263  3106  INBOUND-TNIC                    3         0.061          3.870      0.450           0.63           0.00
  BMU  3106  3503  OUTBOUND-CREDIT                13         1.679        117.770      4.230         -45.40           0.00
  BMU  3503  3106  INBOUND                        40         4.089        546.310     11.640          62.80           0.00
  BRA  3106  7240  OUTBOUND-CREDIT                 1         0.140          0.130      0.000          -1.10           0.00
  BRA  3106  7241  OUTBOUND-CREDIT                 4         0.057         16.280      0.400          -6.53           0.00
  BRA  7241  3106  INBOUND                         7         0.322         21.590      0.380           3.50           0.00
  BRA  7249  3106  INBOUND                         5         0.357         63.300      1.390           8.80           0.00
  BVI  3106  3483  OUTBOUND-NB                     1         0.002          0.000      0.050           0.00           0.00
  BVI  3483  3106  INBOUND                        59        10.937      1,599.010     34.740         207.22           0.00
  BVI  3483  3106  INBOUND-NB                    259         1.208         23.780      0.500           0.00           5.68
  CHN  4602  3106  INBOUND                      1662       140.568     10,299.240    260.010       1,966.54           0.00
  COL  7322  3106  INBOUND                      1248       195.251     15,885.000    344.170       1,062.61           0.00
  COL  7322  3106  INBOUND-NB                      4         0.528         36.920      0.710           0.00           2.44
  COL  7322  3106  INBOUND-TNIC                   37         2.625        450.810      9.050          22.99           0.00
  DAM  4150  3106  INBOUND-TNIC                    2         0.015          1.170      0.050           0.13           0.00
  DMR  3106  3700  OUTBOUND-NB                     6         0.000          0.000      0.000           0.00           0.00
  DMR  3106  3700  OUTBOUND-CREDIT                12         0.002          0.000      0.000          -0.01           0.00
  DMR  3700  3106  INBOUND                       168        11.644      1,991.710     49.710         253.17           0.00
  DMR  3700  3106  INBOUND-NB                      6         0.680        132.550      3.300           0.00          16.61
  DOM  3101  3106  INBOUND                       884        26.804      1,362.540     34.540         102.62           0.00
  DOM  3106  3101  OUTBOUND-CREDIT                34         1.600        139.190      3.810         -24.63           0.00
  DPC  3028  3106  INBOUND                      1123        88.648     10,481.800    271.700         182.28           0.00
  DPC  3106  3020  OUTBOUND-CREDIT                41         7.698        508.760     10.920         -33.34           0.00
  EGY  6020  3106  INBOUND-TNIC                    4         0.500         26.780      0.680           3.68           0.00
  HKG  3106  4542  OUTBOUND-CREDIT                 1         0.006          2.430      0.030          -0.28           0.00
  HKG  4542  3106  INBOUND                      4104       330.235     70,256.290  1,382.700       3,508.28           0.00
  IDN  3106  5101  OUTBOUND-CREDIT                 8         0.353         20.070      0.500          -5.12           0.00
  IDN  5101  3106  INBOUND                      3137       340.148     29,858.000    968.440       2,617.19           0.00
  IDN  5101  3106  INBOUND-NB                     65         3.825        529.430     18.000           0.00          43.66
  ISR  4251  3106  INBOUND                      6015       362.345     59,000.600  1,433.870       3,592.43           0.00
  ITT  3103  3106  INBOUND                        36         2.319        204.190      4.100          11.98           0.00
  ITT  3106  3103  OUTBOUND                        5         0.014          0.610      0.010           0.05           0.00
  ITT  3106  3103  OUTBOUND-NB                    10         0.065          0.920      0.020           0.00           0.16
  ITT  3106  3103  OUTBOUND-CREDIT              5314         5.402      5,872.500     14.730        -666.24           0.00
  ITT  3106  3107  OUTBOUND-NB                    81         2.905          0.000     11.180           0.00           5.81
  ITT  3106  3107  OUTBOUND-CREDIT                41         0.316          0.000     23.080          -1.89           0.00
  JAM  3380  3106  INBOUND                      5164       557.073     39,832.610    876.440       1,612.48           0.00
  JPN  3106  4401  OUTBOUND-CREDIT               168        33.438      4,323.240     76.250        -485.38           0.00
  JPN  3106  4408 OUND-CREDIT                12         1.587      1,308.180     20.220         -96.52           0.00
  JPN  4401  3106  INBOUND                       174        12.182      1,094.360     25.580          55.70           0.00
  JPN  4408  3106  INBOUND                      2196       289.681     51,648.000  1,032.820       1,950.58           0.00
  JPN  4408  3106  INBOUND-NB                      2         0.106         23.680      0.470           0.00           0.85
  MCL  3106  2350  OUTBOUND-CREDIT                 3         0.007          0.370      0.030          -0.09           0.00
  MNI  3106  5154  OUTBOUND-NB                    68         0.461          0.020      5.590           0.00           1.38
  MNI  3106  5154  OUTBOUND-CREDIT                58         0.003          0.020      0.000          -0.04           0.00
  MNI  5154  3106  INBOUND                      2189       186.843     41,871.100  1,018.960       6,841.14           0.00
  MNI  5154  3106  INBOUND-NB                    239        21.018      1,972.370     49.270           0.00         358.90
  MNI  5154  3106  INBOUND-TNIC                    2         0.020          0.320      0.000           0.11           0.00
  MYS  3106  5021  OUTBOUND-CREDIT                 4         0.028          2.590      0.070          -0.47           0.00
  NAN  3620  3106  INBOUND-NB                      4         0.378         21.790      0.620           0.00           2.93
  NYX  3106  3144  OUTBOUND-CREDIT               264         6.246        115.670      3.270         -49.94           0.00
  NZL  3106  5301  OUTBOUND-CREDIT                 3         1.310        177.210      5.430         -20.22           0.00
  NZL  5301  3106  INBOUND                      3735       370.840     54,685.800  1,220.390       1,591.23           0.00
  NZL  5301  3106  INBOUND-NB                      1         0.128         10.900      0.240           0.00           0.37
  PRI  3106  3300  OUTBOUND-NB                    86        29.772        238.600      4.970           0.00         101.27
  PRI  3106  3300  OUTBOUND-CREDIT                13         0.049        138.800      3.460         -47.21           0.00
  PRI  3300  3106  INBOUND                        67        10.773      2,291.800     57.150         284.75           0.00
  QAT  4271  3106  INBOUND                        52        12.894      1,049.210     24.880          78.77           0.00
  SEN  6081  3106  INBOUND-TNIC                   89         2.921        313.880      9.080          24.00           0.00
  SGP  3106  5252  OUTBOUND-CREDIT                 2         0.013         17.620      0.290          -1.14           0.00
  SGP  5252  3106  INBOUND                         2         0.920          9.760      0.310           1.53           0.00
  TAI  3106  4877  OUTBOUND-CREDIT                22         0.419        193.810      4.910         -90.99           0.00
  TAI  4877  3106  INBOUND                      2510       237.872     53,139.310  1,063.540       8,684.45           0.00
  TCI  3763  3106  INBOUND-NB                    119         0.476          8.910      0.130           0.00           0.73
  TLX  3106  4872  OUTBOUND-CREDIT                98        19.080      5,388.860     92.550      -2,596.70           0.00
  TLX  3106  4873  OUTBOUND-CREDIT                16         1.849        279.020      4.860        -142.20           0.00
  TLX  4872  3106  INBOUND                      1526       184.773     16,635.590    357.150       3,049.62           0.00
  TLX  4873  3106  INBOUND                      1360       149.249     34,592.180    756.230       5,636.54           0.00
  TYM  3106  0009  OUTBOUND-CREDIT                 7         0.009          0.600      0.000          -0.04           0.00
  URG  7482  3106  INBOUND                       753       103.628     22,356.600    501.720       1,192.49           0.00
  URG  7482  3106  INBOUND-NB                     18         0.683        119.400      2.580           0.00           6.44
  ZAF  3106  6550  OUTBOUND-CREDIT                24         0.774        122.890      3.610         -25.93           0.00
  ZAF  6550  3106  INBOUND                      1153       160.685     15,609.330    397.780       1,100.13           0.00
  ZAF  6550  3106  INBOUND-NB                      1         0.114         16.230      0.300           0.00           0.82
  BHR  3106  4263  OUTBOUND-NB                    30         0.133          0.000      1.420           0.00           0.33
  BHR  3106  4263  OUTBOUND-CREDIT              2569         9.208        361.980      5.650        -204.66           0.00
  BHR  4263  3106  INBOUND                        72         4.072        569.900      9.740          81.41           0.00
  BMU  3106  3503  OUTBOUND-CREDIT                16         2.261        211.620      6.210         -77.05           0.00
  BMU  3503  3106  INBOUND                        37         3.339        383.440      9.080          45.02           0.00
  CHL  3106  7302  OUTBOUND-CREDIT                55         1.192        279.630      5.480        -113.80           0.00
  CHL  3106  7303  OUTBOUND-CREDIT                 1         0.003          0.000      0.000          -0.02           0.00
  CHL  3106  7305  OUTBOUND-CREDIT                31         1.159        389.700      6.730        -154.83           0.00
  CRI  7129  3106  INBOUND                        13       177.758         34.430      0.990         201.09           0.00
  DPC  3106  3020  OUTBOUND-CREDIT                49        10.878        720.670     17.530         -47.18           0.00
  DPC  3106  3028  OUTBOUND-NB                     1         0.045          0.180      0.000           0.00           0.03
  DPC  3106  3028  OUTBOUND-CREDIT                25         0.085         15.290      0.280          -0.70           0.00
  HKG  3106  4542  OUTBOUND-CREDIT                23         9.861         30.170      0.930         -72.16           0.00
  HKG  3106  4544  OUTBOUND-CREDIT                 2         0.003          0.110      0.000          -0.02           0.00
  HKG  4542  3106  INBOUND                      3150       269.942     52,542.780  1,043.190       2,693.64           0.00
  HKG  4542  3106  INBOUND-NB                      1         0.224         35.430      0.640           0.00           1.78
  HKG  4544  3106  INBOUND                         5         0.028          0.080      0.000           0.06           0.00
  HKG  4545  3106  INBOUND                        19         2.199        706.550     14.370          33.70           0.00
  IND  4042  3106  INBOUND                         1         0.014          0.330      0.030           0.04           0.00
  ITT  3106  3103  OUTBOUND                        1         0.022          2.110      0.070           0.12           0.00
  JPN  3106  4401  OUTBOUND-CREDIT               176        31.452      1,679.290     32.280        -282.03           0.00
  JPN  3106  4408  OUTBOUND-CREDIT                63        24.843      3,907.840     86.730        -493.72           0.00
  JPN  4401  3106  INBOUND                       231        15.802      1,325.780     39.290          81.26           0.00
  JPN  4408  3106  INBOUND                      4876       594.041     58,610.020  1,265.210       2,742.15           0.00
  JPN  4408  3106  INBOUND-NB                      3         0.104         15.300      0.400           0.00           0.74
  MAN  5156  3106  INBOUND                      1653       130.883     20,292.270    454.870       1,204.17           0.00
  MNR  3106  5152  OUTBOUND-NB                   291         2.803         15.150     23.320           0.00          42.44
  MNR  3106  5152  OUTBOUND-CREDIT              4371         4.422          4.120    139.740        -702.54           0.00
  MNR  5152  3106  INBOUND                      3822       513.729     27,129.460    631.950       1,861.57           0.00
  MNR  5152  3106  INBOUND-NB                     59         6.625      1,105.520     27.050           0.00          54.72
  MYS  3106  5021  OUTBOUND-CREDIT                10         0.137         25.080      0.540          -3.05           0.00
  NAN  3106  3620  OUTBOUND-NB                    62         0.397          0.000      3.240           0.00           0.99
  NAN  3106  3620  OUTBOUND-CREDIT                 8         0.000          0.000      0.000           0.00           0.00
  NAN  3620  3106  INBOUND                       226      1580.298      6,663.100    161.020       4,700.33           0.00
  NAN  3620  3106  INBOUND-NB                      5         1.520        321.200      6.050           0.00          39.93
  NZL  3106  5301  OUTBOUND-CREDIT                 1         0.011          1.710      0.120          -0.40           0.00
  PHP  5151  3106  INBOUND-TNIC                   13         1.731        120.330      2.780           9.46           0.00
  RCA  3106  3113  OUTBOUND-NB                   166         1.889          2.090     11.500           0.00           3.85
  RCA  3106  3113  OUTBOUND-CREDIT                66         0.520          1.190      0.010          -3.24           0.00
  RCA  3106  3113  OUTBOUND-CREDIT-TNIC           36         1.865        124.880     20.420         -24.67           0.00
  RCA  3113  3106  INBOUND                      2544       225.014     30,366.430    760.130       1,543.10           0.00
  RCA  3113  3106  INBOUND-NB                      7         0.551        224.840      5.610           0.00           9.19
  SAU  3106  4201  OUTBOUND-CREDIT                49         3.189        349.810     11.490        -186.12           0.00
  SAU  4201  3106  INBOUND                        32         1.984        504.160      8.930          81.57           0.00
  SAU  4201  3106  INBOUND-NB                      1         0.040          6.040      0.140           0.00           1.02
  SGP  3106  5252  OUTBOUND-CREDIT                 3         0.019         11.480      0.200          -0.82           0.00
  SGP  5252  3106  INBOUND                      6141       850.545     75,090.980  1,857.030       3,384.23           0.00
  TAI  3106  4877  OUTBOUND-CREDIT                21         0.395        127.480      3.570         -60.92           0.00
  TAI  4877  3106  INBOUND                       981       101.001     24,257.700    746.160       3,941.63           0.00
  TAI  4877  3106  INBOUND-NB                      2         0.140         20.240      0.460           0.00           3.45
  TCI  3763  3106  INBOUND-NB                    118         0.506          9.040      0.130           0.00           0.76
  THA  5201  3106  INBOUND                      3689       445.706     64,868.570  1,401.760       6,080.75           0.00
  THA  5201  3106  INBOUND-NB                      9         0.292         80.350      1.360           0.00           7.01
  TLX  3106  4873  OUTBOUND-NB                     1         0.010          0.340      0.000           0.00           0.08
  TLX  3106  4873  OUTBOUND-CREDIT                22        12.065        488.690      9.170        -328.50           0.00
  TLX  4872  3106  INBOUND                         8         0.682        127.510      2.490          21.17           0.00
  TLX  4872  3106  INBOUND-TNIC                    5         0.507        161.720      2.830          25.78           0.00
  TLX  4873  3106  INBOUND                        27         2.281        359.540     10.420          60.77           0.00
  TLX  4873  3106  INBOUND-TNIC                   28         3.032        318.810      7.450          56.92           0.00
  TNT  3106  3110  OUTBOUND-CREDIT                29         5.181        335.430     14.900         -67.31           0.00
  TYM  3106  0009  OUTBOUND-CREDIT                 3         0.052          0.260      0.000           0.00           0.00
  UAE  4243  3106  INBOUND                        17         3.853        438.170     12.780          33.27           0.00
  WUI  3104  3106  INBOUND                      1078       245.632     19,027.310    310.780       1,176.19           0.00
  ZAF  3106  6550  OUTBOUND-CREDIT-TNIC           46         9.079      1,292.820     33.650        -252.55           0.00
  ANG  6315  3106  INBOUND                        64         4.654        338.820     10.860          25.21           0.00
  ARG  7222  3106  INBOUND                      5296       631.697    110,529.340  2,335.580       5,934.57           0.00
  ARG  7222  3106  INBOUND-NB                     12         0.653        145.390      2.700           0.00           6.70
  AUS  3106  5052  OUTBOUND-CREDIT                 2         0.033          7.590      0.130          -0.51           0.00
  AUS  5052  3106  INBOUND                       577        49.541      7,033.360    159.000         208.55           0.00
  AUS  5053  3106  INBOUND                       312        26.867      3,954.740     82.690         109.55           0.00
  BHR  3106  4263  OUTBOUND-NB                    10         0.048          0.040      0.440           0.00           0.12
  BHR  3106  4263  OUTBOUND-CREDIT              2374         5.493         63.590      0.350         -64.91           0.00
  BHR  4263  3106  INBOUND                      1766       217.315     22,851.350    626.640       3,399.64           0.00
  BHR  4263  3106  INBOUND-NB                    172        59.911      5,900.010    153.980           0.00         887.27
  BHR  4263  3106  INBOUND-TNIC                    1         0.006          0.260      0.010           0.05           0.00
  BHS  3640  3106  INBOUND                       589       590.985     11,833.390    293.660       2,365.31           0.00
  BHS  3640  3106  INBOUND-NB                   5907        56.799      2,121.280     49.820           0.00         325.72
  BMU  3106  3503  OUTBOUND-NB                    28         0.179          0.000      2.580           0.00           0.35
  BMU  3106  3503  OUTBOUND-CREDIT                28         8.089        568.380     16.170        -219.05           0.00
  BMU  3503  3106  INBOUND                        98       609.902      1,821.930     45.450       1,401.99           0.00
  BMU  3503  3106  INBOUND-NB                      2         1.585        530.620     13.260           0.00          56.23
  BRB  3423  3106  INBOUND                         1         0.018          0.260      0.000           0.06           0.00
  CAM  6242  3106  INBOUND                        24         1.826        448.330      8.090          16.12           0.00
  CAM  6242  3106  INBOUND-TNIC                    5         0.306         10.830      0.720           1.67           0.00
  CAY  3463  3106  INBOUND                        63        11.333      2,121.120     36.350         234.77           0.00
  CHD  6222  3106  INBOUND                        21         0.826        115.150      2.160           4.86           0.00
  COL  7322  3106  INBOUND                      1435       220.435     29,332.290    581.790         802.23           0.00
  COL  7322  3106  INBOUND-NB                      2         0.043          7.980      0.220           0.00           0.26
  COL  7322  3106  INBOUND-TNIC                  209        20.034      3,688.460     69.470          89.50           0.00
  CPS  3132  3106  INBOUND                        18         0.645        116.620      2.530           5.48           0.00
  CRI  7129  3106  INBOUND                         3         0.025          0.220      0.000           0.03           0.00
  CSC  3106  3137  OUTBOUND-CREDIT                17         1.670        156.360      3.130         -26.91           0.00
  DPC  3106  3028  OUTBOUND-CREDIT               169         0.928        387.010      6.250         -25.89           0.00
  EGY  6020  3106  INBOUND                      1500       341.853     34,442.740    728.000       4,127.98           0.00
  FTC  3124  3106  INBOUND                        87       502.200      7,678.870    211.430       1,280.83           0.00
  GTM  7044  3106  INBOUND                       253         9.275        628.250     15.580          81.37           0.00
  GTM  7044  3106  INBOUND-NB                      6         0.194         20.130      0.490           0.00           2.40
  HUN  2161  3106  INBOUND                        57         3.785        386.230      9.240          26.05           0.00
  HUN  2161  3106  INBOUND-TNIC                  323        22.115      3,402.330     75.860         195.95           0.00
  JAM  3106  3380  OUTBOUND-NB                   196         1.459          0.000      9.020           0.00           2.91
  JAM  3106  3380  OUTBOUND-CREDIT                25         0.004          0.000      0.000          -0.02           0.00
  JAM  3380  3106  INBOUND                       825       178.216     13,882.140    383.370       1,744.64           0.00
  JAM  3380  3106  INBOUND-NB                   7028        37.412        636.690     11.970           0.00         138.49
  JPN  3106  4401  OUTBOUND-CREDIT               331        58.401      3,939.430     69.030        -563.89           0.00
  JPN  3106  4408  OUTBOUND-CREDIT                23         5.525      2,466.370     41.240        -206.95           0.00
  JPN  4401  3106  INBOUND                        72         1.625        293.400      5.950          11.17           0.00
  JPN  4408  3106  INBOUND                      1173       181.867     29,778.470    618.370       1,180.29           0.00
  JPN  4408  3106  INBOUND-NB                      3         0.259         88.650      1.430           0.00           2.50
  MCL  2350  3106  INBOUND                       292        45.988      7,617.630    147.300         160.41           0.00
  MCL  2350  3106  INBOUND-NB                     13         0.162          4.290      0.460           0.00           0.51
  MCL  2351  3106  INBOUND                       677       111.747     22,398.030    897.840       2,351.55           0.00
  MCL  2351  3106  INBOUND-NB                      1         0.036          1.980      0.070           0.00           0.23
  MYS  3106  5021  OUTBOUND-CREDIT                11         0.128         22.160      0.480          -2.77           0.00
  NAN  3620  3106  INBOUND                       998     13543.137      5,787.350    144.150      27,665.01           0.00
  NZL  3106  5301  OUTBOUND-CREDIT                 1         0.013          3.050      0.060          -0.24           0.00
  NZL  5301  3106  INBOUND-TNIC                    1         0.068         15.540      0.290           0.36           0.00
  PAN  3106  7141  OUTBOUND-NB                   154         2.287          0.000      7.040           0.00           4.49
  PAN  3106  7141  OUTBOUND-CREDIT               298        23.413      1,115.810     41.170        -473.09           0.00
  PAN  7141  3106  INBOUND                      4408       765.328     48,569.960  1,020.940       6,364.47           0.00
  PAN  7141  3106  INBOUND-NB                     30         7.580      5,055.720    126.220           0.00         520.50
  PAN  7142  3106  INBOUND                       267        60.753      6,995.340    174.750         821.04           0.00
  PHP  5151  3106  INBOUND                       622        49.244      7,168.380    160.500         431.78           0.00
  PHP  5151  3106  INBOUND-TNIC                    7         0.572         24.420      0.620           2.53           0.00
  RCA  3106  3136  OUTBOUND-NB                     2         0.017          0.460      0.040           0.00           0.05
  RCA  3106  3136  OUTBOUND-CREDIT                65         5.094        703.700     14.490        -106.56           0.00
  SEN  6081  3106  INBOUND-TNIC                   93         2.927        470.960     12.260          24.68           0.00
  SGP  3106  5252  OUTBOUND-CREDIT               170       146.301      3,030.100    103.950        -938.46           0.00
  SGP  5252  3106  INBOUND                      6149       968.055    118,350.230  2,704.180       4,590.07           0.00
  SRI  4132  3106  INBOUND                       353        13.908      1,906.330     66.460         100.45           0.00
  SRI  4132  3106  INBOUND-TNIC                  519        41.955      5,880.530    139.630         226.96           0.00
  TAI  3106  4877  OUTBOUND-CREDIT                40         0.747        321.470      8.160        -151.38           0.00
  TCI  3763  3106  INBOUND-NB                    118         0.473          8.980      0.130           0.00           0.00
  TLX  3106  4873  OUTBOUND-CREDIT                38        12.591        549.740      9.840        -360.70           0.00
  TLX  3106  8010  OUTBOUND                      465        10.237        503.630     12.590          38.58           0.00
  TLX  3106  8020  OUTBOUND                      131         1.845        133.280      2.970           8.48           0.00
  TLX  3106  8030  OUTBOUND                        9         0.127          5.030      0.150           0.43           0.00
  TLX  3106  8231  OUTBOUND                     4909       192.066      3,549.900    210.790         511.68           0.00
  TLX  3106  8231  OUTBOUND-NB                     2         0.051          0.210      0.010           0.00           0.11
  TLX  3106  8231  OUTBOUND-CREDIT                 1         0.025          0.050      0.000          -0.16           0.00
  TLX  4872  3106  INBOUND                         6         0.447         22.920      0.720           4.78           0.00
  TLX  4872  3106  INBOUND-TNIC                   27         3.215        263.040      6.030          49.10           0.00
  TLX  4873  3106  INBOUND                        10         0.334         44.770      1.940           7.72           0.00
  TLX  4873  3106  INBOUND-TNIC                   33         1.563        351.150      7.980          57.36           0.00
  TNT  3106  3110  OUTBOUND-CREDIT                27         5.257        450.480     19.560         -80.19           0.00
  TRT  3106  3119  OUTBOUND                     1243        15.977      5,386.800    159.530         225.81           0.00
  TRT  3106  3119  OUTBOUND-NB                    85         1.381         12.890     14.400           0.00           3.22
  TRT  3106  3119  OUTBOUND-CREDIT               624        63.691      6,910.160    168.550      -1,128.40           0.00
  TRT  3119  3106  INBOUND                       155       273.180     10,583.140    233.940         927.34           0.00
  TRT  3119  3106  INBOUND-NB                     10         1.643         93.270      2.460           0.00           6.64
  TTO  3106  3740  OUTBOUND-NB                    68         0.277          0.000      2.070           0.00           4.71
  TTO  3106  3740  OUTBOUND-CREDIT               106         3.875        367.830     28.170        -192.27           0.00
  TTO  3740  3106  INBOUND                       443       400.081      1,134.800     52.690         905.54           0.00
  TTO  3740  3106  INBOUND-NB                     11         3.801        382.310      9.550           0.00          26.70
  TTO  3745  3106  INBOUND                       482        62.220      5,555.760    213.440         551.33           0.00
  TUN  6050  3106  INBOUND                        29         1.144        110.510      2.380           0.00           0.00
  TYM  3106  0009  OUTBOUND-CREDIT                13         0.077          1.320      0.020           0.00           0.00
  BHR  4263  3106  INBOUND                        64         6.820      1,088.880     17.970         153.15           0.00
  BMU  3503  3106  INBOUND                       613      2036.351      7,785.110    204.100       4,851.21           0.00
  BMU  3503  3106  INBOUND-NB                     37        25.038      1,097.720     27.990           0.00         159.84
  BRB  3106  3423  OUTBOUND-NB                   313         4.348        570.820     18.880           0.00          65.77
  BRB  3106  3423  OUTBOUND-CREDIT               149        61.330      2,695.990     64.300      -1,176.78           0.00
  BRB  3423  3106  INBOUND                       639      1573.869      8,929.030    217.070       4,040.64           0.00
  BRB  3423  3106  INBOUND-NB                     34         4.941        719.890     18.020           0.00          81.87
  CAY  3106  3463  OUTBOUND-NB                   133         1.011          0.000      8.230           0.00           2.02
  CAY  3106  3463  OUTBOUND-CREDIT                31         0.005          0.000      0.000          -0.03           0.00
  CAY  3463  3106  INBOUND                      1255       690.881      9,562.700    238.230       2,338.03           0.00
  CAY  3463  3106  INBOUND-NB                   1079      1929.083      6,448.660    160.720           0.00       4,503.03
  COL  7322  3106  INBOUND                        15         2.822        287.030      5.940          17.27           0.00
  COL  7322  3106  INBOUND-NB                      1         0.030          5.760      0.130           0.00           0.33
  COL  7322  3106  INBOUND-TNIC                   58         7.886      1,776.810     32.280          79.13           0.00
  FTC  3124  3106  INBOUND                        43       221.566      3,583.330     99.840         572.13           0.00
  JPN  4401  3106  INBOUND                       170         6.232        798.730     20.280          39.09           0.00
  JPN  4408  3106  INBOUND                       870       124.576     15,661.600    358.100         711.91           0.00
  MCL  2350  3106  INBOUND                       220        27.056      7,732.180    126.780         127.67           0.00
  MCL  2350  3106  INBOUND-NB                      5         0.023          1.580      0.180           0.00           0.17
  MCL  2351  3106  INBOUND                       367        48.014      5,446.000    192.640         592.61           0.00
  NZL  3106  5301  OUTBOUND-CREDIT-TNIC            1         0.034          2.450      0.120          -0.47           0.00
  SGP  3106  5252  OUTBOUND-CREDIT                79         5.322      1,057.160     23.220        -107.04           0.00
  TCI  3763  3106  INBOUND-NB                    692         2.816         49.760      0.760           0.00           4.21
  TRT  3106  3119  OUTBOUND                      120        13.327        782.990     34.030          54.83           0.00
  TRT  3119  3106  INBOUND                         3         0.286         23.660      0.590           1.42           0.00
  TYM  0009  3106  INBOUND                        10       144.449        274.980     17.200           0.00           0.00
  TYM  3106  0009  OUTBOUND-CREDIT                 1         0.067          0.220      0.000           0.00           0.00
  BT NORTH AMERICA                                                                                               PAGE    1
  TYMNET                                                                                                         PAGE    1
  AUS  5052  3106  INBOUND                        75         6.498      1,139.290     23.390          29.89           0.00
  AUS  5053  3106  INBOUND                        44         3.740        516.960     10.950          14.69           0.00
  BHR  4263  3106  INBOUND                       119        11.316      1,846.690     46.940         259.12           0.00
  CHL  7302  3106  INBOUND                      1216       124.793     15,778.520    389.980       1,029.54           0.00
  CHL  7303  3106  INBOUND                         1         0.672        119.720      2.200           5.76           0.00
  CHL  7305  3106  INBOUND                       375        42.995      6,053.490    132.250         350.49           0.00
  DMR  3701  3106  INBOUND                      1577       146.347     11,781.680    322.260       1,691.23           0.00
  HKG  4542  3106  INBOUND                        15         1.759        383.080      7.870          19.70           0.00
  ISR  4251  3106  INBOUND                      3163       201.771     32,543.790    800.110       1,973.55           0.00
  JPN  4400  3106  INBOUND                       448        41.741     10,713.000    892.220       2,843.64           0.00
  JPN  4400  3106  INBOUND-NB                      2         0.285         23.820      0.580           0.00           2.88
  KEN  6390  3106  INBOUND                        15         0.393         66.710      1.490           3.06           0.00
  MYS  5021  3106  INBOUND                       612       132.374     17,261.630    361.540         740.86           0.00
  THA  5201  3106  INBOUND                         7         1.856        189.530      4.480          18.87           0.00
  THA  5201  3106  INBOUND-NB                      1         0.006          0.080      0.020           0.00           0.02
  TNT  3106  3110  OUTBOUND-NB                     1         0.002          0.080      0.000           0.00           0.00
  TNT  3106  3110  OUTBOUND-CREDIT               659        40.019     11,397.630    204.620      -1,471.02           0.00
  TNT  3110  3106  INBOUND                      2656       305.725     45,002.430    978.370       2,231.40           0.00
  TUR  2862  3106  INBOUND                       193        24.372      2,047.550     48.340         145.44           0.00
  C&W-HONG KONG                                                                                                  PAGE    1
  C&W-HONG KONG                                                                                                  PAGE    1
  AUS  3106  5052  OUTBOUND-CREDIT                 2         0.021          1.970      0.030          -0.16           0.00
  BHR  3106  4263  OUTBOUND-CREDIT               185         2.730        538.070      9.070        -222.24           0.00
  BHR  4263  3106  INBOUND                        17         0.464         38.090      1.350           5.92           0.00
  CHN  3106  4602  OUTBOUND-CREDIT                 7         0.231         63.290      0.960           0.00           0.00
  CHN  3106  4602  OUTBOUND-CREDIT-TNIC         1079       103.646     30,744.150    483.440           0.00           0.00
  CYP  2802  3106  INBOUND                       156         5.789        417.960     18.570           0.00           0.00
  CYP  2802  3106  INBOUND-TNIC                    2         0.182         18.890      0.570           0.00           0.00
  DPC  3106  3028  OUTBOUND-CREDIT                22         0.213         27.200      0.480          -1.38           0.00
  HKG  3106  4542  OUTBOUND-CREDIT                 8         0.047         12.470      0.220          -1.66           0.00
  IDN  3106  5101  OUTBOUND-CREDIT                21         0.039          1.330      0.020          -0.36           0.00
  IDN  3106  5101  OUTBOUND-CREDIT-TNIC         3785       188.730      6,567.740    172.620      -2,168.14           0.00
  IRL  2724  3106  INBOUND                         2         0.110          4.590      0.190           0.30           0.00
  IRL  2724  3106  INBOUND-TNIC                    1         0.055         14.100      0.270           0.32           0.00
  IRL  3106  2724  OUTBOUND-CREDIT                 3         0.057          0.150      0.000          -0.18           0.00
  IRL  3106  2724  OUTBOUND-CREDIT-TNIC          326       104.305      4,456.390    128.120        -697.28           0.00
  ISR  3106  4251  OUTBOUND-CREDIT               101         0.264          6.530      0.110          -2.26           0.00
  ISR  3106  4251  OUTBOUND-CREDIT-TNIC         3486        36.343      6,746.030    118.440        -928.72           0.00
  ISR  4251  3106  INBOUND                      1978        39.949      3,658.710     78.510         236.92           0.00
  ISR  4251  3106  INBOUND-TNIC                 6247       333.693     66,996.520  1,785.690       4,238.78           0.00
  JPN  3106  4401  OUTBOUND-CREDIT               130        14.632        702.250     12.940        -122.00           0.00
  JPN  3106  4401  OUTBOUND-CREDIT-TNIC           44        43.940      5,819.790    116.460        -709.80           0.00
  JPN  3106  4408  OUTBOUND-CREDIT                51        14.488      3,539.470     85.210        -441.17           0.00
  JPN  3106  4408  OUTBOUND-CREDIT-TNIC           11         2.502        198.400      3.360         -25.97           0.00
  JPN  3106  4411  OUTBOUND-CREDIT-TNIC           35        14.626      1,597.240     33.250        -211.85           0.00
  JPN  4411  3106  INBOUND                        30         4.266      1,054.760     30.950          51.94           0.00
  JPN  4411  3106  INBOUND-TNIC                 1875       165.880     24,191.180    523.500       1,016.75           0.00
  KEN  6390  3106  INBOUND                        16         0.163          1.050      0.010           0.29           0.00
  KEN  6390  3106  INBOUND-TNIC                  513        20.063      4,099.680     79.150         161.21           0.00
  MCL  2352  3106  INBOUND                        12         0.083          0.820      0.010           0.16           0.00
  MCL  2352  3106  INBOUND-TNIC                   72         3.581        210.720      6.420          24.65           0.00
  MCL  3106  2350  OUTBOUND-CREDIT                 1         0.000          0.070      0.000           0.00           0.00
  MCL  3106  2350  OUTBOUND-CREDIT-TNIC          489         6.002      4,692.860     87.270        -232.22           0.00
  MCL  3106  2351  OUTBOUND-CREDIT                 1         0.007          0.000      0.000          -0.02           0.00
  MCL  3106  2351  OUTBOUND-CREDIT-TNIC          123        79.935      4,023.200    125.020      -1,446.76           0.00
  MCL  3106  2352  OUTBOUND-CREDIT-TNIC           71        11.376      3,300.250     63.630      -1,024.20           0.00
  MYS  3106  5021  OUTBOUND-CREDIT                 6         0.376        120.380      2.010         -10.76           0.00
  PHP  3106  5151  OUTBOUND-CREDIT                20         0.040          1.430      0.020          -0.39           0.00
  PHP  3106  5151  OUTBOUND-CREDIT-TNIC          556        15.933      6,805.230    123.510        -848.64           0.00
  SAU  4201  3106  INBOUND                       274        30.651      3,852.570     88.470         669.83           0.00
  SAU  4201  3106  INBOUND-NB                     18         1.974        485.270      8.540           0.00          78.71
  SAU  4201  3106  INBOUND-TNIC                 1993       146.106     38,585.630    685.650       6,226.11           0.00
  SGP  3106  5252  OUTBOUND-NB                     1         0.590         23.560      0.620           0.00           1.51
  SGP  3106  5252  OUTBOUND-CREDIT                49         0.265         24.350      0.400          -2.51           0.00
  SGP  3106  5252  OUTBOUND-CREDIT-TNIC         7985       637.025     22,254.830    655.720      -4,847.48           0.00
  TAI  3106  4877  OUTBOUND-CREDIT                 4         0.051         10.050      0.220          -4.98           0.00
  TLX  3106  4873  OUTBOUND-CREDIT                16         0.680         86.630      1.680          -7.98           0.00
  TYM  3106  0009  OUTBOUND-CREDIT                 8         0.011          0.680      0.000           0.00           0.00
  UAE  3106  4243  OUTBOUND-CREDIT-TNIC          223         4.140        532.960     10.310        -264.67           0.00
  UAE  4243  3106  INBOUND                      1685       173.744     24,002.850    550.890       3,947.87           0.00
  UAE  4243  3106  INBOUND-TNIC                 1465       374.957     23,335.160    580.330       4,250.15           0.00
  ZAF  3106  6550  OUTBOUND-CREDIT                 1         0.025          0.060      0.000          -0.15           0.00
  ZAF  3106  6550  OUTBOUND-CREDIT-TNIC          313        40.901     17,695.600    293.340      -1,975.36           0.00
  ZAF  6550  3106  INBOUND                       724       109.630     14,760.530    404.040       1,011.89           0.00
  ZAF  6550  3106  INBOUND-NB                      5         0.272        219.230      3.370           0.00           7.19
  ZAF  6550  3106  INBOUND-TNIC                 1027        92.150     11,141.810    286.010         744.93           0.00
  ZIM  6482  3106  INBOUND-TNIC                   75         9.069        679.450     15.040           0.00           0.00
  DATA MANAGEMENT CO                                                                                             PAGE    1
  JAMAICA                                                                                                        PAGE    1
  TRINIDAD                                                                                                       PAGE    1
  BARBADOS                                                                                                       PAGE    1
  CAYMAN ISLANDS                                                                                                 PAGE    1
  PHILIPPINES GLOBAL COMM. INC.                                                                                  PAGE    1
  PHILIPPINES                                                                                                    PAGE    1
  COSTA RICA                                                                                                     PAGE    1
  COSTA RICA                                                                                                     PAGE    1
 m