  ARG  3106  7222  OUTBOUND-CREDIT                40       242.901      4,907.970     92.820      -2,014.34           0.00
  ARG  7222  3106  INBOUND                       225         5.930      1,811.840     38.560          88.99           0.00
  AUS  3106  5052  OUTBOUND-CREDIT                20         1.470        209.010      8.890         -31.10           0.00
  AUS  3106  5053  OUTBOUND-CREDIT                 3         0.008          1.520      0.030          -0.11           0.00
  AUS  5052  3106  INBOUND                      1664       176.925     27,784.990    572.610         749.53           0.00
  AUS  5053  3106  INBOUND                       952        83.702     17,630.650    368.250         451.96           0.00
  AUS  5053  3106  INBOUND-NB                      1         0.005          2.060      0.070           0.00           0.08
  BHR  3106  4263  OUTBOUND-NB                    58         0.909        259.310      7.020           0.00          34.68
  BHR  3106  4263  OUTBOUND-CREDIT                64         3.083        851.520     20.640        -342.44           0.00
  BHR  4263  3106  INBOUND                      2395       301.962     28,210.730    795.670       4,281.15           0.00
  BHR  4263  3106  INBOUND-NB                    102        19.131      4,048.000    100.740           0.00         553.82
  BMU  3106  3503  OUTBOUND-NB                     1         0.010          0.400      0.020           0.00           0.06
  BMU  3106  3503  OUTBOUND-CREDIT                 8         1.380         21.030      0.370         -14.59           0.00
  BRA  3106  7240  OUTBOUND-NB                     1         0.006          0.090      0.000           0.00           0.02
  CHL  3106  7303  OUTBOUND-CREDIT                 5         0.500         24.130      0.380          -5.32           0.00
  CHL  3106  7305  OUTBOUND                      130        79.864      9,182.560    326.990         813.71           0.00
  CHL  7303  3106  INBOUND                        38         3.595        408.270      8.650          24.50           0.00
  CHN  4602  3106  INBOUND                        19         3.496        196.560      5.870          39.97           0.00
  CHN  4602  3106  INBOUND-TNIC                   14         0.688        100.430      1.950          17.13           0.00
  COL  3106  7322  OUTBOUND                       11         0.454         75.100      1.550           2.01           0.00
  COL  3106  7322  OUTBOUND-CREDIT               719       491.833     16,387.270    299.560      -2,374.20           0.00
  COL  7322  3106  INBOUND                       999       192.171     24,404.420    466.020         658.19           0.00
  COL  7322  3106  INBOUND-NB                      4         0.307        158.340      2.410           0.00           2.71
  COL  7322  3106  INBOUND-TNIC                    5         1.377        264.080      6.160           7.54           0.00
  CRI  3106  7122  OUTBOUND-CREDIT                 8        50.607        376.730      8.500        -199.48           0.00
  CSC  3106  3137  OUTBOUND                      102         7.329        409.520     15.360          29.39           0.00
  CZE  2301  3106  INBOUND                         1         0.005          0.840      0.040           0.04           0.00
  HKG  3106  4542  OUTBOUND-CREDIT                 1         0.068          0.990      0.020          -0.46           0.00
  HKG  3106  4545  OUTBOUND-CREDIT                 1         0.013          4.440      0.110          -0.64           0.00
  IND  4041  3106  INBOUND                         3         0.400         23.220      0.940           1.34           0.00
  IND  4042  3106  INBOUND                      4646       797.851    128,676.980  3,029.420       3,827.27           0.00
  IND  4042  3106  INBOUND-NB                     61         1.506        550.690     10.580           0.00          12.09
  IND  4043  3106  INBOUND                       743       169.306     13,155.230    254.670         423.98           0.00
  IND  4043  3106  INBOUND-NB                     19         0.837        168.750      3.720           0.00           4.56
  IRL  2724  3106  INBOUND                      2395       221.350     31,840.300    645.660         867.01           0.00
  IRL  2724  3106  INBOUND-NB                     13         0.218         33.590      1.010           0.00           1.23
  IRL  3106  2724  OUTBOUND                     1661        10.765      1,228.570     24.710          35.48           0.00
  IRL  3106  2724  OUTBOUND-CREDIT              1691        13.636      2,402.410     40.500        -162.43           0.00
  IRL  3106  2724  OUTBOUND-TNIC                   5         0.795         74.490      1.390           2.19           0.00
  IRL  3106  2724  OUTBOUND-CREDIT-TNIC            2         0.234         26.830      0.440          -2.04           0.00
  JPN  3106  4401  OUTBOUND                       35        14.367        572.190     12.910          40.24           0.00
  JPN  3106  4401  OUTBOUND-CREDIT               204        68.440      3,183.660     56.450        -552.66           0.00
  JPN  3106  4408  OUTBOUND                      106        30.097      2,978.100     66.000         141.74           0.00
  JPN  3106  4408  OUTBOUND-CREDIT               152        36.236      6,779.070    108.430        -640.13           0.00
  JPN  4410  3106  INBOUND                       131        24.883      3,127.650     57.360         121.31           0.00
  JPN  4410  3106  INBOUND-TNIC                   15         2.685      2,067.240     38.000          60.01           0.00
  KOR  4500  3106  INBOUND                         2         0.031          6.730      0.140           0.17           0.00
  MAN  3106  5156  OUTBOUND-NB                    25         0.017          0.000      0.080           0.00           0.19
  MAN  3106  5156  OUTBOUND-CREDIT                 1         0.000          0.000      0.000           0.00           0.00
  MAN  5156  3106  INBOUND                       349        27.956      3,827.860     95.530         253.95           0.00
  MAN  5156  3106  INBOUND-NB                    111         4.631        295.220      7.320           0.00          25.06
  MCL  2350  3106  INBOUND                         1         0.004          0.060      0.000           0.00           0.00
  MCL  3106  2350  OUTBOUND-NB                     1         0.007          0.120      0.000           0.00           0.00
  MCL  3106  2350  OUTBOUND-CREDIT                 3         0.012          0.280      0.000          -0.03           0.00
  MEX  3106  3340  OUTBOUND-NB                     1         0.004          0.140      0.000           0.00           0.01
  MNR  3106  5152  OUTBOUND                      529        43.674      3,687.320    261.110         495.25           0.00
  MNR  5152  3106  INBOUND                      1255        92.083      9,806.470    259.180         570.75           0.00
  MOR  6041  3106  INBOUND                        10         1.010         66.980      1.860           3.23           0.00
  MOR  6049  3106  INBOUND                       127        13.518      1,857.440     64.510          87.77           0.00
  MYS  3106  5021  OUTBOUND                      199        27.179      1,095.580     19.070          69.37           0.00
  MYS  3106  5021  OUTBOUND-CREDIT               142        16.826        771.850     13.570        -136.82           0.00
  MYS  5021  3106  INBOUND                       869       191.326     14,930.210    342.120         800.15           0.00
  MYS  5021  3106  INBOUND-NB                      1         0.024          4.660      0.110           0.00           0.20
  NZL  3106  5301  OUTBOUND                       47        20.035      1,848.670     54.830          74.87           0.00
  NZL  3106  5301  OUTBOUND-CREDIT                 1         0.048          9.650      0.600          -1.94           0.00
  PAK  4100  3106  INBOUND                       472       364.511     70,983.550  1,341.560       1,706.07           0.00
  PER  3106  7160  OUTBOUND-CREDIT               197       412.820     38,242.950    730.150     -17,437.25           0.00
  PER  7160  3106  INBOUND                      1395       261.723     41,054.390    802.250       5,786.05           0.00
  RCA  3106  3113  OUTBOUND                      727         1.523         66.930      0.720           5.44           0.00
  RCA  3106  3113  OUTBOUND-NB                     1         0.003          0.110      0.000           0.00           0.01
  RCA  3106  3113  OUTBOUND-TNIC                   1         0.003          0.070      0.000           0.00           0.00
  RCA  3106  3136  OUTBOUND-NB                     1         0.021          0.210      0.010           0.00           0.05
  RCA  3106  3136  OUTBOUND-CREDIT                74         4.181        578.490     10.670         -87.56           0.00
  SAU  3106  4201  OUTBOUND                      242        29.341      1,483.300     26.680         310.51           0.00
  SEN  6081  3106  INBOUND-TNIC                   26         0.922        192.180      4.890           9.44           0.00
  SGP  3106  5252  OUTBOUND                        1         0.041         14.450      0.320           0.45           0.00
  TAI  3106  4877  OUTBOUND                      120         1.522        304.650      9.320          21.35           0.00
  TAI  3106  4877  OUTBOUND-CREDIT                42         0.892        198.370      6.240         -42.17           0.00
  TAI  4877  3106  INBOUND                       120         3.820      1,061.920     31.150          68.89           0.00
  THA  3106  5201  OUTBOUND-CREDIT               587       223.573     11,197.910    200.250      -4,028.90           0.00
  TLX  3106  4873  OUTBOUND                      723        11.458      2,243.290     41.100         103.49           0.00
  TLX  3106  4873  OUTBOUND-CREDIT               415         6.705      1,359.650     24.310        -183.28           0.00
  TNT  3106  3110  OUTBOUND                       15         1.703        379.660     12.190          17.07           0.00
  TNT  3106  3110  OUTBOUND-NB                     3         0.028          0.360      0.010           0.00           0.07
  TNT  3106  3110  OUTBOUND-CREDIT                41         0.924         86.320      3.240         -14.86           0.00
  TNT  3110  3106  INBOUND                         5         0.002          0.010      0.000           0.00           0.00
  TUN  6050  3106  INBOUND-TNIC                   38         2.419        180.100      3.720           0.00           0.00
  TUR  2863  3106  INBOUND                      4848       575.778     58,675.080  1,436.180       1,669.69           0.00
  TUR  2863  3106  INBOUND-NB                      4         0.053         21.280      0.510           0.00           0.47
  TUR  3106  2863  OUTBOUND-CREDIT               541         9.580      2,464.420     38.340        -119.30           0.00
  TUR  3106  2863  OUTBOUND-CREDIT-TNIC           33         0.525         37.220      0.620          -2.85           0.00
  TYM  3106  0009  OUTBOUND-NB                     3         0.018          0.330      0.000           0.00           0.00
  URG  7482  3106  INBOUND                        51         0.969        121.490      3.440           8.16           0.00
  WAG  3106  3149  OUTBOUND-CREDIT               195         6.998      7,804.220    121.020        -884.83           0.00
  WAG  3149  3106  INBOUND                         2         0.005          0.000      0.000           0.01           0.00
  WUI  3104  3106  INBOUND                      6634       865.286     52,354.940  1,035.750       3,615.02           0.00
  WUI  3104  3106  INBOUND-NB                    333       174.295      1,677.100     41.700           0.00         408.95
  WUI  3104  3106  INBOUND-TNIC                   23         2.734      1,583.650     30.330          62.47           0.00
  WUI  3106  3104  OUTBOUND                     4942      2751.255    200,327.570  5,429.350      12,714.06           0.00
  WUI  3106  3104  OUTBOUND-NB                  1283       388.262     11,333.270    341.430           0.00       1,184.52
  WUI  3106  3104  OUTBOUND-CREDIT             18252      2165.480    211,864.170  4,224.420     -35,872.88           0.00
  AME  3106  3143  OUTBOUND-CREDIT                95        11.157         61.960      1.830         -23.36           0.00
  ARG  3106  7222  OUTBOUND-NB                    24         0.056          0.000      0.590           0.00           0.13
  ARG  3106  7222  OUTBOUND-CREDIT                 2         0.001          0.000      0.030           0.00           0.00
  ARG  7220  3106  INBOUND                       614       116.068      8,277.830    170.500       1,324.87           0.00
  ARG  7222  3106  INBOUND                       213        25.464      1,554.010     38.730         257.90           0.00
  ARG  7222  3106  INBOUND-NB                      4         1.017         15.500      0.380           0.00           4.48
  ATG  3106  3443  OUTBOUND-NB                    50         1.057          0.000      2.990           0.00           2.11
  ATG  3106  3443  OUTBOUND-CREDIT                 7         0.029          0.000      1.470          -0.17           0.00
  ATG  3443  3106  INBOUND                       608        27.777      4,621.540    113.770         425.25           0.00
  ATG  3443  3106  INBOUND-NB                      1         0.430          0.110      0.000           0.00           0.86
  ATT  3106  3134  OUTBOUND-CREDIT               607       127.954      4,236.350     94.860        -401.03           0.00
  ATT  3134  3106  INBOUND                      1128       209.262      5,740.760    117.440         195.97           0.00
  ATT  3134  3106  INBOUND-NB                      1         0.106          9.990      0.170           0.00           0.16
  AUS  3106  5052  OUTBOUND-CREDIT                 7         0.085         14.160      0.420          -1.52           0.00
  AUS  3106  5053  OUTBOUND-CREDIT                 2         0.104          2.850      0.040          -0.46           0.00
  AUS  5052  3106  INBOUND                       328        28.206      4,472.010     98.240         126.44           0.00
  AUS  5053  3106  INBOUND                       136        11.092      2,310.130     45.410          56.50           0.00
  BHR  3106  4263  OUTBOUND-NB                    36         0.539        275.990      7.060           0.00          35.84
  BHR  3106  4263  OUTBOUND-CREDIT                62         5.916        524.580     13.090        -241.08           0.00
  BHR  4263  3106  INBOUND                      3172       413.159     42,543.480  1,161.250       6,350.71           0.00
  BHR  4263  3106  INBOUND-NB                    116        11.535      3,273.370     80.940           0.00         438.00
  BLZ  7020  3106  INBOUND                        61         2.003        373.230      8.150          11.42           0.00
  BLZ  7020  3106  INBOUND-NB                      3         0.092         37.460      0.740           0.00           0.94
  BMU  3106  3503  OUTBOUND-CREDIT                 5         0.014          0.370      0.000          -0.20           0.00
  BRA  3106  7241  OUTBOUND-CREDIT                 4        94.778      1,388.550     27.470      -1,231.54           0.00
  BRA  7240  3106  INBOUND                         1         0.021          2.550      0.070           0.37           0.00
  BRA  7241  3106  INBOUND                         1         0.138          9.260      0.150           1.50           0.00
  BRA  7249  3106  INBOUND                         1         0.089          2.340      0.110           0.51           0.00
  BVI  3483  3106  INBOUND                        26         5.136        576.700     12.840          77.71           0.00
  BVI  3483  3106  INBOUND-NB                    273         1.207         25.420      0.530           0.00           5.86
  CHN  4602  3106  INBOUND                      2182       178.083     15,689.770    387.380       2,887.66           0.00
  COL  7322  3106  INBOUND                      1011       150.369     12,184.030    253.720         796.01           0.00
  COL  7322  3106  INBOUND-NB                      3         0.626        114.860      1.880           0.00           4.94
  DMR  3106  3701  OUTBOUND-CREDIT                84         1.539      1,425.310     23.380        -492.58           0.00
  DMR  3700  3106  INBOUND                        81         8.390        900.780     22.460         122.30           0.00
  DMR  3701  3106  INBOUND                       232        21.140      6,253.280    103.920         756.33           0.00
  DOM  3101  3106  INBOUND                      1451        42.667      2,167.160     57.200         163.28           0.00
  DOM  3106  3101  OUTBOUND-NB                     1         0.007          0.180      0.050           0.00           0.02
  DOM  3106  3101  OUTBOUND-CREDIT                 7         1.801          0.530      0.010         -10.86           0.00
  DPC  3025  3106  INBOUND                         2         0.138          8.290      0.320           0.18           0.00
  DPC  3028  3106  INBOUND                       175        20.738      4,899.710     99.330          71.40           0.00
  GTM  7042  3106  INBOUND                       202         7.159      1,019.380     23.400         116.25           0.00
  GTM  7042  3106  INBOUND-NB                      2         0.223         47.490      1.000           0.00           5.19
  HKG  4542  3106  INBOUND                      1778       160.543     28,478.230    554.790       1,470.74           0.00
  HKG  4546  3106  INBOUND                         6         0.650         72.520      2.620           6.71           0.00
  IDN  3106  5101  OUTBOUND-CREDIT                74         9.914        483.710      8.140        -108.32           0.00
  IDN  5101  3106  INBOUND                      2905       400.101     38,309.570  1,129.210       3,058.63           0.00
  IDN  5101  3106 UND-NB                     50         6.585        871.130     26.010           0.00          65.20
  IRL  3106  2724  OUTBOUND-CREDIT               853         7.044      1,707.000     28.370        -106.25           0.00
  IRL  3106  2724  OUTBOUND-CREDIT-TNIC            1         0.091          1.630      0.030          -0.37           0.00
  ISR  4251  3106  INBOUND                       853        66.072     10,693.970    257.930         648.00           0.00
  ITT  3103  3106  INBOUND                         4         0.112          0.020      0.000           0.22           0.00
  ITT  3106  3103  OUTBOUND                       14         0.145          0.980      0.020           0.32           0.00
  ITT  3106  3103  OUTBOUND-NB                     2         0.005          0.180      0.000           0.00           0.01
  ITT  3106  3103  OUTBOUND-CREDIT                16         0.109          1.550      0.010          -0.82           0.00
  ITT  3106  3107  OUTBOUND-NB                    28         0.950          0.020      3.750           0.00           1.90
  ITT  3106  3107  OUTBOUND-CREDIT                24         0.226          1.150     13.880          -1.48           0.00
  JAM  3380  3106  INBOUND                      8832      1481.050    121,521.200  2,781.150       4,794.59           0.00
  JPN  3106  4401  OUTBOUND-CREDIT               164        40.237      2,385.110     40.700        -358.15           0.00
  JPN  3106  4408  OUTBOUND-CREDIT                88         4.961      2,207.660     37.430        -187.57           0.00
  JPN  4401  3106  INBOUND                        99         5.436        498.910     11.780          25.39           0.00
  JPN  4403  3106  INBOUND                        84         3.783        315.200      9.300          19.30           0.00
  JPN  4408  3106  INBOUND                      2064       241.240     26,676.330    550.200       1,167.27           0.00
  KOR  3106  4501  OUTBOUND-NB                     1         0.010          0.120      0.000           0.00           0.02
  KOR  4500  3106  INBOUND                       943        68.385     10,126.140    202.270         946.82           0.00
  KOR  4501  3106  INBOUND                         2         0.025          0.840      0.020           0.11           0.00
  MNI  3106  5154  OUTBOUND-NB                    25         0.147          0.000      1.770           0.00           0.44
  MNI  3106  5154  OUTBOUND-CREDIT                 3         0.000          0.000      0.020           0.00           0.00
  MNI  5154  3106  INBOUND                      3096       397.518     44,388.960  1,079.220       7,850.82           0.00
  MNI  5154  3106  INBOUND-NB                     63        12.243      4,390.490    109.770           0.00         695.30
  MYS  3106  5021  OUTBOUND-CREDIT                75         7.363        371.260      6.580         -62.78           0.00
  NAN  3620  3106  INBOUND-NB                      3         0.037          8.170      0.270           0.00           0.89
  NYX  3106  3144  OUTBOUND-CREDIT               368         8.496        149.510      4.320         -67.09           0.00
  NZL  3106  5301  OUTBOUND-CREDIT                 1         3.269        498.050     35.980        -117.74           0.00
  NZL  5301  3106  INBOUND                      1968       235.593     31,408.730    772.600       1,008.19           0.00
  NZL  5301  3106  INBOUND-NB                      1         0.219         61.110      1.160           0.00           1.38
  PAR  3106  7447  OUTBOUND-NB                    23         0.058          0.000      0.590           0.00           0.65
  PAR  3106  7447  OUTBOUND-CREDIT                 3         0.099          0.000      0.080          -0.55           0.00
  PAR  7447  3106  INBOUND                       279        24.928      3,774.600     97.490         122.41           0.00
  PRI  3106  3300  OUTBOUND-NB                    28        15.945        206.470      3.320           0.00          63.09
  PRI  3106  3300  OUTBOUND-CREDIT                 2         0.002          0.730      0.030          -0.26           0.00
  PRI  3300  3106  INBOUND                       118        12.269      1,774.800     44.290         230.33           0.00
  QAT  4271  3106  INBOUND                        83        13.047      1,243.220     29.140          87.64           0.00
  RCA  3106  3136  OUTBOUND-CREDIT                76        15.997     12,005.620    201.640      -1,392.58           0.00
  SEN  6081  3106  INBOUND-TNIC                   55         2.333        510.960     12.350          29.37           0.00
  TAI  3106  4877  OUTBOUND-CREDIT                23         0.379        101.770      3.100         -49.21           0.00
  TAI  4877  3106  INBOUND                      2241       181.610     37,824.130    796.960       6,218.39           0.00
  TGL  3026  3106  INBOUND                       280        28.424      2,957.410     96.730         145.78           0.00
  TLX  3106  4872  OUTBOUND-CREDIT                44         6.842      1,562.210     27.390        -764.57           0.00
  TLX  3106  4873  OUTBOUND-CREDIT               236         4.644      1,367.840     23.470        -657.32           0.00
  TLX  4872  3106  INBOUND                      1962       255.840     15,791.660    453.880       3,136.22           0.00
  TLX  4873  3106  INBOUND                      2328       233.044     34,718.500    831.320       5,906.84           0.00
  TLX  4873  3106  INBOUND-NB                      2         0.259         69.320      1.280           0.00          11.17
  TNT  3106  3110  OUTBOUND-CREDIT                 1         0.009          0.430      0.020          -0.10           0.00
  TNT  3106  3126  OUTBOUND-CREDIT                 2         0.012          0.450      0.010          -0.12           0.00
  TNT  3126  3106  INBOUND                         3         0.231         13.500      0.320           0.94           0.00
  URG  7482  3106  INBOUND                       570        50.406      9,158.850    207.390         507.83           0.00
  URG  7482  3106  INBOUND-NB                      6         0.263         57.920      1.270           0.00           3.03
  ZAF  3106  6550  OUTBOUND-CREDIT                41         0.452         79.720      1.850         -13.61           0.00
  ZAF  6550  3106  INBOUND                      2641       367.791     36,303.420    906.420       2,510.08           0.00
  ZAF  6550  3106  INBOUND-NB                      6         0.356        125.690      2.160           0.00           4.96
  AUS  3106  5052  OUTBOUND-CREDIT                 6         0.061          9.590      0.180          -0.75           0.00
  BHR  3106  4263  OUTBOUND-NB                    27         2.577         44.740      1.150           0.00          12.03
  BHR  3106  4263  OUTBOUND-CREDIT                58         2.119        181.860      5.990         -84.09           0.00
  BHR  4263  3106  INBOUND                      1535       150.033     16,444.430    440.940       2,430.58           0.00
  BHR  4263  3106  INBOUND-NB                     51         4.399        978.870     25.630           0.00         133.35
  BMU  3106  3503  OUTBOUND-CREDIT                 5         1.380         11.960      0.250         -11.87           0.00
  CHL  3106  7302  OUTBOUND-CREDIT               197         3.659      2,103.080     34.640        -816.09           0.00
  CHL  3106  7303  OUTBOUND-NB                     1         0.035          0.160      0.000           0.00           0.10
  CHL  3106  7305  OUTBOUND-NB                     1         0.013          0.240      0.010           0.00           0.06
  CHL  7305  3106  INBOUND                        27         1.688        234.430      5.800          33.52           0.00
  CRI  7129  3106  INBOUND                         8         0.322         16.850      0.450           0.87           0.00
  DPC  3106  3020  OUTBOUND-CREDIT               140        22.899      1,707.350     40.620        -106.02           0.00
  DPC  3106  3025  OUTBOUND-CREDIT                 1         0.001          0.070      0.000           0.00           0.00
  HKG  3106  4542  OUTBOUND-CREDIT                65         0.930         79.080      2.920         -23.81           0.00
  HKG  4542  3106  INBOUND                      1453       128.118     26,149.350    524.430       1,337.08           0.00
  HKG  4544  3106  INBOUND                         1         0.010          0.000      0.000           0.02           0.00
  HKG  4545  3106  INBOUND                         1         0.333         60.530      1.850           4.45           0.00
  IDN  5101  3106  INBOUND                         8         0.597         63.300      2.140           5.48           0.00
  IDN  5101  3106  INBOUND-NB                      1         0.118          4.420      0.190           0.00           0.61
  IDN  5101  3106  INBOUND-TNIC                   17         2.288        247.760      5.980          16.54           0.00
  IND  4042  3106  INBOUND                         2         0.494         35.380      1.230           1.73           0.00
  IND  4042  3106  INBOUND-TNIC                   11         0.742        169.440      4.390           5.13           0.00
  IND  4043  3106  INBOUND                         2         0.600         73.860      2.050           2.65           0.00
  IND  4043  3106  INBOUND-TNIC                    3         0.540         37.800      0.640           1.18           0.00
  IRL  3106  2724  OUTBOUND-CREDIT               849         6.479        937.940     15.790         -66.82           0.00
  IRL  3106  2724  OUTBOUND-CREDIT-TNIC            1         0.114         14.390      0.240          -1.07           0.00
  JPN  3106  4401  OUTBOUND-CREDIT               159        16.080      1,750.130     30.170        -204.66           0.00
  JPN  3106  4408  OUTBOUND-CREDIT                92         6.148      3,189.480     52.430        -259.20           0.00
  JPN  4401  3106  INBOUND                       115         7.508        596.470     15.780          34.35           0.00
  JPN  4408  3106  INBOUND                      4251       496.757     52,135.040  1,114.730       2,376.73           0.00
  KOR  3106  4501  OUTBOUND-NB                     1         0.008          0.120      0.000           0.00           0.01
  KOR  4501  3106  INBOUND                         3         0.063          6.020      0.180           0.24           0.00
  MAN  5156  3106  INBOUND                      1130       115.595     21,879.660    622.680       1,505.40           0.00
  MNR  3106  5152  OUTBOUND-NB                   103         6.928         37.470     12.560           0.00          31.67
  MNR  3106  5152  OUTBOUND-CREDIT               538        34.467      1,928.490     60.550        -463.21           0.00
  MNR  5152  3106  INBOUND                      3414       529.163     26,916.030    618.880       1,865.43           0.00
  MNR  5152  3106  INBOUND-NB                     57        10.656      1,217.000     30.390           0.00          66.70
  MYS  3106  5021  OUTBOUND-CREDIT                78         8.238        372.650      6.620         -66.89           0.00
  NAN  3106  3620  OUTBOUND-NB                    24         0.168          0.000      1.040           0.00           0.42
  NAN  3106  3620  OUTBOUND-CREDIT                 2         0.005          0.000      0.030          -0.03           0.00
  NAN  3620  3106  INBOUND                       531       576.815     13,288.340    333.290       2,936.95           0.00
  NAN  3620  3106  INBOUND-NB                      6         0.510          6.700      0.790           0.00           2.02
  PHP  5151  3106  INBOUND-TNIC                    1         0.022          9.640      0.160           0.38           0.00
  RCA  3106  3113  OUTBOUND-NB                   350         3.008         34.730     15.430           0.00           7.26
  RCA  3106  3113  OUTBOUND-CREDIT                12         0.129          2.530      0.100          -1.04           0.00
  RCA  3106  3136  OUTBOUND-CREDIT                 1         0.007          0.200      0.010          -0.06           0.00
  RCA  3113  3106  INBOUND                        58         1.698        226.060      7.150          11.53           0.00
  SAU  3106  4201  OUTBOUND-CREDIT               253        30.104      1,533.550     28.760        -961.03           0.00
  SAU  4201  3106  INBOUND                        13         1.060         53.440      1.640          11.19           0.00
  SGP  3106  5252  OUTBOUND-CREDIT                 1         0.041         14.440      0.320          -1.35           0.00
  SGP  5252  3106  INBOUND                      3400       464.936     44,893.720  1,060.470       1,906.63           0.00
  SRI  4132  3106  INBOUND                        92         7.078        966.930     29.690          45.96           0.00
  SRI  4132  3106  INBOUND-TNIC                  313        23.984      3,313.290     81.410         131.73           0.00
  TAI  3106  4877  OUTBOUND-CREDIT                18         0.475        159.820      4.020         -76.20           0.00
  TAI  4877  3106  INBOUND                      1254        92.065     22,831.470    582.640       3,700.88           0.00
  THA  5201  3106  INBOUND                      4411       701.035    104,191.280  2,123.980       9,737.19           0.00
  THA  5201  3106  INBOUND-NB                      9         0.514        145.130      2.320           0.00          12.63
  TLX  3106  4873  OUTBOUND-CREDIT               240         4.021      1,363.980     24.150        -649.98           0.00
  TLX  4872  3106  INBOUND                         1         0.053         12.490      0.210           2.03           0.00
  UAE  4243  3106  INBOUND                         5         0.923        164.320      3.270           8.40           0.00
  WUI  3106  3104  OUTBOUND-NB                     1         0.086          0.130      0.000           0.00           0.17
  ZAF  3106  6550  OUTBOUND-CREDIT                12         0.007          0.660      0.010          -0.11           0.00
  ANG  6315  3106  INBOUND                        51         4.436        419.800      9.850          23.21           0.00
  AUS  3106  5052  OUTBOUND-CREDIT                11         0.349         52.580      0.900          -3.77           0.00
  AUS  3106  5052  OUTBOUND-CREDIT-TNIC            1         0.121         28.150      0.450          -1.73           0.00
  AUS  5052  3106  INBOUND                       439        40.667      6,545.250    143.530         184.20           0.00
  AUS  5053  3106  INBOUND                       229        22.238      2,155.430     50.050          72.28           0.00
  BHR  3106  4263  OUTBOUND-NB                    19         0.206        339.720      5.200           0.00          42.98
  BHR  3106  4263  OUTBOUND-CREDIT                51         2.244      1,245.460     30.300        -483.88           0.00
  BHR  4263  3106  INBOUND                      2296       293.671     28,502.090    772.230       4,296.85           0.00
  BHR  4263  3106  INBOUND-NB                     90         6.508        849.480     21.560           0.00         122.45
  BHS  3106  3640  OUTBOUND-CREDIT               134         2.363      1,393.120     22.260        -432.11           0.00
  BHS  3640  3106  INBOUND                      6019       651.517     16,137.860    400.110       2,916.82           0.00
  BHS  3640  3106  INBOUND-NB                   9007        52.683      2,567.780     59.160           0.00         362.14
  BMU  3106  3503  OUTBOUND-CREDIT                12         0.063          2.960      0.050          -1.26           0.00
  BMU  3503  3106  INBOUND                         4         0.039          7.880      0.150           0.86           0.00
  BRB  3423  3106  INBOUND                       624       122.594      5,319.600    129.400         777.14           0.00
  BUL  2841  3106  INBOUND                       175         5.440        824.660     28.550          28.20           0.00
  BUL  2841  3106  INBOUND-NB                     32         1.525        544.350      9.230           0.00           8.93
  BUL  2841  3106  INBOUND-TNIC                   24         1.001        114.020      2.380           2.80           0.00
  CAM  6242  3106  INBOUND                        34         2.466        633.800     11.100          22.05           0.00
  CAM  6242  3106  INBOUND-TNIC                    2         0.087          4.730      0.580           1.08           0.00
  CAY  3463  3106  INBOUND                        99         8.770      1,063.470     23.310         123.88           0.00
  COL  7322  3106  INBOUND                      2052       359.117     45,633.100    905.890       1,265.01           0.00
  COL  7322  3106  INBOUND-NB                      6         0.491        266.240      4.280           0.00           4.77
  CPS  3132  3106  INBOUND                        20         3.334        751.390     12.480          33.71           0.00
  CRI  7129  3106  INBOUND                         1         0.012          0.750      0.030           0.04           0.00
  CSC  3106  3137  OUTBOUND-CREDIT                31         3.251        464.310      9.400         -69.65           0.00
  CZE  2301  3106  INBOUND                       122         2.871        383.310     12.710          12.92           0.00
  CZE  2301  3106  INBOUND-TNIC                  360        30.809      5,790.940    336.580         304.91           0.00
  DPC  3106  3028  OUTBOUND-CREDIT               105         0.256        127.150      2.170          -8.82           0.00
  EGY  6020  3106  INBOUND                      1683       187.865     31,787.560    632.870       3,554.48           0.00
  EGY  6020  3106  INBOUND-NB                      1         0.104         10.580      0.200           0.00           1.26
  EGY  6020  3106  INBOUND-TNIC                    9         0.385        126.370      2.400          13.40           0.00
  FTC  3124  3106  INBOUND                       228      1417.053     13,413.690    408.470       3,316.98           0.00
  GTM  7042  3106  INBOUND                       419        21.023      2,888.580     63.530         330.90           0.00
  GTM  7044  3106  INBOUND                       272         8.432        864.680     21.480         103.33           0.00
  GTM  7044  3106  INBOUND-NB                      9         0.588         99.610      2.480           0.00          11.13
  HND  3106  7080  OUTBOUND-NB                     4         0.065          0.000      0.460           0.00           0.13
  HND  3106  7080  OUTBOUND-CREDIT                 1         0.000          0.000      0.000           0.00           0.00
  HND  7080  3106  INBOUND                        21         0.771         85.410      2.120          10.08           0.00
  HND  7080  3106  INBOUND-NB                      2         0.342          6.430      0.160           0.00           1.32
  HUN  2161  3106  INBOUND                         1         0.004          0.110      0.000           0.02           0.00
  HUN  2161  3106  INBOUND-TNIC                  401        30.549      6,103.380    190.840         442.77           0.00
  IDN  5101  3106  INBOUND                         8         0.600         60.010      1.300           3.80           0.00
  IDN  5101  3106  INBOUND-TNIC                   42         4.801        357.010      8.860          27.32           0.00
  IND  4042  3106  INBOUND                         2         0.197         34.120      0.950           1.14           0.00
  IND  4042  3106  INBOUND-TNIC                   22         3.640        312.920      9.050          12.69           0.00
  IND  4043  3106  INBOUND                         2         0.536         53.150      1.500           2.03           0.00
  IRL  3106  2724  OUTBOUND-CREDIT              1684        12.581      1,332.800     23.190        -107.34           0.00
  IRL  3106  2724  OUTBOUND-CREDIT-TNIC            1         0.358         31.580      0.670          -3.09           0.00
  JAM  3106  3380  OUTBOUND-NB                    73         0.449          0.000      2.790           0.00           0.89
  JAM  3106  3380  OUTBOUND-CREDIT                 7         0.010          0.000      0.090          -0.06           0.00
  JAM  3380  3106  INBOUND                      1234       237.860     23,568.960    660.690       2,832.61           0.00
  JAM  3380  3106  INBOUND-NB                   7149        54.910      6,827.720    166.950           0.00         792.59
  JPN  3106  4401  OUTBOUND-CREDIT               314        60.800      3,811.760     66.570        -563.61           0.00
  JPN  3106  4408  OUTBOUND-CREDIT               172        10.935      6,738.540    108.570        -528.80           0.00
  JPN  4401  3106  INBOUND                       166         6.225        496.780      9.980          23.89           0.00
  JPN  4408  3106  INBOUND                      2373       325.290     32,115.240    680.250       1,483.06           0.00
  JPN  4408  3106  INBOUND-TNIC                    1         0.004          5.090      0.060           0.10           0.00
  KOR  3106  4501  OUTBOUND-NB                     1         0.040          0.120      0.000           0.00           0.09
  MCL  2350  3106  INBOUND                       330        40.340     11,134.890    190.410         191.51           0.00
  MCL  2351  3106  INBOUND                      1371       301.000     47,504.530  1,112.960       5,051.45           0.00
  MEX  3106  3340  OUTBOUND-CREDIT                 2         0.000          0.120      0.000          -0.01           0.00
  MOZ  6435  3106  INBOUND                        42         6.091      1,591.410     37.690           0.00           0.00
  MYS  3106  5021  OUTBOUND-CREDIT               153        16.853        738.790     13.250        -135.49           0.00
  NAN  3620  3106  INBOUND                       893      6670.158     14,143.650    353.160      14,754.68           0.00
  NAN  3621  3106  INBOUND-TNIC                   29         4.393        323.300      8.000          41.11           0.00
  PAN  3106  7141  OUTBOUND-NB                    57         4.890         36.280      4.640           0.00          13.25
  PAN  3106  7141  OUTBOUND-CREDIT               684        11.415        538.280    128.940        -228.91           0.00
  PAN  7141  3106  INBOUND                      5670      1046.576     72,155.760  1,686.780       9,277.05           0.00
  PAN  7141  3106  INBOUND-NB                     13        56.624     14,518.510    362.950           0.00       1,563.40
  PAN  7142  3106  INBOUND                       300        78.640      5,741.080    143.370         731.38           0.00
  PHP  5151  3106  INBOUND                       385         8.668      3,100.350     54.870         129.22           0.00
  PHP  5151  3106  INBOUND-TNIC                    1         0.009          1.860      0.030           0.08           0.00
  RCA  3106  3136  OUTBOUND-CREDIT               289        24.210     10,289.160    176.780      -1,256.47           0.00
  SEN  6081  3106  INBOUND-TNIC                   56         2.506        466.420     10.870          21.74           0.00
  SGP  3106  5252  OUTBOUND-CREDIT                62         2.275        392.500      6.560         -33.15           0.00
  SGP  5252  3106  INBOUND                      3336       463.884     39,534.030    860.950       1,655.92           0.00
  SRI  4132  3106  INBOUND                       175         8.857        846.200     23.330          40.23           0.00
  SRI  4132  3106  INBOUND-TNIC                  230        18.252      2,791.600     67.890         107.67           0.00
  TAI  3106  4877  OUTBOUND-CREDIT                42         0.761        171.550      5.740         -84.05           0.00
  TLX  3106  4873  OUTBOUND-CREDIT               493         9.529      2,672.920     47.070      -1,288.57           0.00
  TLX  3106  8010  OUTBOUND                      726        13.249      1,081.510     23.200          65.40           0.00
  TLX  3106  8020  OUTBOUND                       81         1.323        144.270      2.840           7.83           0.00
  TLX  3106  8030  OUTBOUND                        4         0.075          3.680      0.090           0.28           0.00
  TLX  3106  8231  OUTBOUND                     4025       155.804      3,759.640    224.110         446.76           0.00
  TLX  3106  8231  OUTBOUND-NB                     1         0.005          0.000      0.000           0.00           0.01
  TLX  3106  8231  OUTBOUND-CREDIT                 1         0.005          0.060      0.000          -0.04           0.00
  TNT  3106  3110  OUTBOUND-CREDIT               111        13.728        927.260     40.630        -182.50           0.00
  TRT  3106  3119  OUTBOUND                      852        18.025      3,906.700    107.990         176.64           0.00
  TRT  3106  3119  OUTBOUND-NB                    39         1.653          0.000      4.820           0.00           3.30
  TRT  3106  3119  OUTBOUND-CREDIT              1369       114.008     25,720.020    749.630      -3,461.71           0.00
  TRT  3119  3106  INBOUND                       301        39.664      9,525.840    188.810         422.24           0.00
  TRT  3119  3106  INBOUND-NB                      8         0.069          5.560      0.710           0.00           0.33
  TTO  3106  3740  OUTBOUND-NB                    25         0.089          0.000      0.660           0.00           1.50
  TTO  3106  3740  OUTBOUND-CREDIT                95         5.524        874.190     63.620        -414.87           0.00
  TTO  3740  3106  INBOUND                       543       417.842      2,923.590     88.000       1,011.68           0.00
  TTO  3740  3106  INBOUND-NB                      1         0.055          0.900      0.020           0.00           0.15
  TTO  3745  3106  INBOUND                       175        21.157      2,640.530     70.930         184.17           0.00
  TUN  6050  3106  INBOUND                        72         3.688        297.470      6.110           0.00           0.00
  BRB  3106  3423  OUTBOUND-NB                   138        13.921        214.760      8.880           0.00          49.31
  BRB  3106  3423  OUTBOUND-CREDIT                88        66.855      7,024.090    166.660      -2,508.36           0.00
  BRB  3423  3106  INBOUND                       766      1273.079     12,932.970    322.440       3,839.45           0.00
  BRB  3423  3106  INBOUND-NB                     35        16.134      3,146.290     78.640           0.00         346.89
  BVI  3483  3106  INBOUND                         2         0.046          1.150      0.020           0.24           0.00
  CAY  3106  3463  OUTBOUND-NB                    50         0.310          0.000      2.560           0.00           0.62
  CAY  3106  3463  OUTBOUND-CREDIT                 4         0.004          0.000      0.060          -0.02           0.00
  CAY  3463  3106  INBOUND                      1122       114.535     11,340.180    282.970       1,363.08           0.00
  CAY  3463  3106  INBOUND-NB                   1117      1925.043      8,450.310    210.760           0.00       4,695.11
  DPC  3020  3106  INBOUND                         1         0.010          0.250      0.010           0.00           0.00
  DUS  3106  3151  OUTBOUND-CREDIT               166       323.529     24,738.520  1,558.550      -3,387.73           0.00
  MOR  6041  3106  INBOUND                        37         2.100        166.720      5.310           8.33           0.00
  MOR  6049  3106  INBOUND                       237        14.608      2,114.310     49.530          72.14           0.00
  SGP  3106  5252  OUTBOUND-CREDIT                52         2.226        590.270     13.280         -58.15           0.00
  TRT  3106  3119  OUTBOUND                       64         4.467        378.800     15.310          22.56           0.00
  BT NORTH AMERICA                                                                                               PAGE    1
  TYMNET                                                                                                         PAGE    1
  AUS  5052  3106  INBOUND                        62         4.436        741.270     14.990          19.42           0.00
  AUS  5053  3106  INBOUND                        24         2.188        223.200      5.270           7.46           0.00
  BHR  4263  3106  INBOUND                        75         3.863        429.310      9.520          63.32           0.00
  BLZ  7020  3106  INBOUND                        93         3.059        627.820     13.400          18.51           0.00
  BLZ  7020  3106  INBOUND-NB                      1         0.092          7.440      0.140           0.00           0.27
  BMU  3503  3106  INBOUND                         8         0.650        154.740      2.990           5.46           0.00
  CHL  7302  3106  INBOUND                      1706       177.408     26,074.760    538.940       1,432.70           0.00
  CHL  7305  3106  INBOUND                       439        41.262      5,921.960    138.600         359.72           0.00
  DMR  3701  3106  INBOUND                         6         1.096        233.210      5.390          28.97           0.00
  HKG  4542  3106  INBOUND                        12         5.887      1,591.060     30.840          74.93           0.00
  ISR  4251  3106  INBOUND                       823        70.575     10,152.500    221.540         575.42           0.00
  JPN  4400  3106  INBOUND                       596        67.550     17,699.940  1,474.490       4,693.68           0.00
  MAN  5156  3106  INBOUND                      1093       135.183     31,058.250    531.070       1,366.26           0.00
  MEX  3106  3340  OUTBOUND-CREDIT                 2         0.000          0.120      0.000           0.00           0.00
  MEX  3340  3106  INBOUND-NB                      3         0.024          6.010      0.220           0.00           0.25
  MYS  5021  3106  INBOUND                       865       190.163     13,497.070    309.800         749.92           0.00
  PAN  7142  3106  INBOUND                         6         0.074          4.730      0.130           0.41           0.00
  TNT  3106  3110  OUTBOUND-NB                     1         0.003          0.100      0.010           0.00           0.01
  TNT  3106  3110  OUTBOUND-CREDIT               786        91.360      4,610.990    141.970      -1,046.09           0.00
  TNT  3110  3106  INBOUND                      4735       438.255     50,587.730  1,079.410       2,697.42           0.00
  TNT  3110  3106  INBOUND-NB                      2         0.143        102.140      1.670           0.00           3.96
  TUR  2862  3106  INBOUND                       214        16.539      1,322.890     32.730          40.89           0.00
  VEN  7341  3106  INBOUND                        25         7.392      2,025.070     41.590          18.36           0.00
  C&W-HONG KONG                                                                                                  PAGE    1
  C&W-HONG KONG                                                                                                  PAGE    1
  AUS  3106  5052  OUTBOUND-CREDIT                 7         0.073         11.000      0.210          -0.85           0.00
  BHR  4263  3106  INBOUND                         6         0.261         59.180      1.240           8.05           0.00
  CHN  3106  4602  OUTBOUND-CREDIT                42         0.770          2.760      0.040           0.00           0.00
  CHN  3106  4602  OUTBOUND-CREDIT-TNIC         3393       284.496     60,742.010  1,239.860           0.00           0.00
  CYP  2802  3106  INBOUND                       362        21.910     10,700.530    213.840           0.00           0.00
  CYP  2802  3106  INBOUND-TNIC                   34         3.399        216.510      6.670           0.00           0.00
  CYP  3106  2802  OUTBOUND-CREDIT-TNIC          421       175.084     14,776.370    322.170           0.00           0.00
  CZE  2301  3106  INBOUND                        84         2.510        390.360     14.000          13.70           0.00
  CZE  2301  3106  INBOUND-TNIC                  421        28.614      6,353.000    351.010         315.06           0.00
  CZE  3106  2301  OUTBOUND-CREDIT-TNIC          263        32.083      7,259.650    315.360        -865.13           0.00
  EGY  6020  3106  INBOUND                        14         2.515        383.100      7.670          43.34           0.00
  EGY  6020  3106  INBOUND-TNIC                   17         1.044        234.040      4.970          25.49           0.00
  GAM  3106  6070  OUTBOUND-NB                    15         0.478          0.000      7.320           0.00          15.37
  GAM  3106  6070  OUTBOUND-CREDIT                38         0.242          5.520      0.930          -6.93           0.00
  GAM  6070  3106  INBOUND                       191        11.010      1,954.780     44.740         109.82           0.00
  HKG  4540  3106  INBOUND                        71        35.558      5,617.480    178.790         375.12           0.00
  IDN  3106  5101  OUTBOUND-CREDIT                 8         0.076          0.490      0.000          -0.50           0.00
  IDN  3106  5101  OUTBOUND-CREDIT-TNIC         2636       122.259      6,190.830    142.200      -1,586.78           0.00
  IND  3106  4042  OUTBOUND-CREDIT                14         0.016          0.990      0.010          -0.09           0.00
  IND  3106  4042  OUTBOUND-CREDIT-TNIC           68         1.839        824.060     16.020         -53.58           0.00
  IND  3106  4043  OUTBOUND-CREDIT                 3         0.002          0.190      0.000          -0.01           0.00
  IRL  3106  2724  OUTBOUND-CREDIT                34         0.211         11.340      0.190          -1.21           0.00
  IRL  3106  2724  OUTBOUND-CREDIT-TNIC          626       143.122     15,683.130    352.590      -1,487.16           0.00
  ISR  3106  4251  OUTBOUND-CREDIT                70         0.305          4.400      0.070          -2.25           0.00
  ISR  3106  4251  OUTBOUND-CREDIT-TNIC         3280        68.883     10,427.230    174.460      -1,460.06           0.00
  ISR  4251  3106  INBOUND                       915       115.035     14,536.060    310.050         850.18           0.00
  ISR  4251  3106  INBOUND-TNIC                13126       976.793    155,760.790  4,432.820      10,819.23           0.00
  JPN  3106  4401  OUTBOUND-CREDIT               147        13.831      1,868.810     33.270        -208.43           0.00
  JPN  3106  4408  OUTBOUND-CREDIT                 6         0.236         98.440      1.710          -8.61           0.00
  JPN  3106  4408  OUTBOUND-CREDIT-TNIC            7         1.446        129.330      2.170         -16.04           0.00
  JPN  3106  4411  OUTBOUND-CREDIT-TNIC           11         2.254        564.050     11.710         -61.81           0.00
  JPN  4408  3106  INBOUND                         1         0.016          0.030      0.000           0.02           0.00
  JPN  4408  3106  INBOUND-TNIC                    1         0.003          3.530      0.040           0.07           0.00
  JPN  4411  3106  INBOUND                        11         2.502        391.650     14.230          24.68           0.00
  JPN  4411  3106  INBOUND-TNIC                 1036       127.099     17,638.560    374.610         739.97           0.00
  KEN  6390  3106  INBOUND                       136         9.385      2,133.120     48.130          93.46           0.00
  KEN  6390  3106  INBOUND-TNIC                  532        23.566      4,458.930     87.800         180.95           0.00
  MCL  3106  2350  OUTBOUND-CREDIT-TNIC          362         4.405      1,656.000     28.230         -81.23           0.00
  MCL  3106  2351  OUTBOUND-CREDIT-TNIC          188        72.181      8,085.340    266.790      -2,642.14           0.00
  MCL  3106  2352  OUTBOUND-CREDIT                 1         0.007          0.050      0.000          -0.04           0.00
  MCL  3106  2352  OUTBOUND-CREDIT-TNIC           36         1.311        147.130      7.160         -48.07           0.00
  MNR  5152  3106  INBOUND                         1         0.051          0.070      0.000           0.08           0.00
  MNR  5152  3106  INBOUND-TNIC                    3         0.616         31.150      0.570           1.93           0.00
  MOR  6041  3106  INBOUND                         3         0.514         50.960      1.230           1.96           0.00
  MOR  6049  3106  INBOUND                       242        11.402      2,864.430     57.020          76.97           0.00
  MYS  3106  5021  OUTBOUND-CREDIT                14         0.384         73.990      1.390          -8.00           0.00
  NZL  5301  3106  INBOUND                         5         0.073          8.470      0.310           0.38           0.00
  NZL  5301  3106  INBOUND-TNIC                   17         2.017        136.930      3.700           5.72           0.00
  PAK  3106  4100  OUTBOUND-CREDIT-TNIC          117         4.208        245.870      6.810         -33.06           0.00
  PHP  3106  5151  OUTBOUND-CREDIT                 2         0.017          0.130      0.000          -0.12           0.00
  PHP  3106  5151  OUTBOUND-CREDIT-TNIC          632        23.905     14,378.780    236.240      -1,578.79           0.00
  POL  2601  3106  INBOUND-TNIC                    1         0.005          0.750      0.020           0.02           0.00
  POL  3106  2601  OUTBOUND-CREDIT-TNIC            1         0.026          0.120      0.010          -0.08           0.00
  SAU  4201  3106  INBOUND                       262        33.891      4,253.150     99.680         739.64           0.00
  SAU  4201  3106  INBOUND-TNIC                 2877       259.895     67,034.540  1,180.910      10,834.79           0.00
  SGP  3106  5252  OUTBOUND-CREDIT               350         0.296         21.070      0.350          -2.41           0.00
  SGP  3106  5252  OUTBOUND-CREDIT-TNIC         5183       277.166     13,675.150    283.880      -2,103.75           0.00
  TLX  3106  4873  OUTBOUND-CREDIT                29         0.658        287.250      5.190         -19.76           0.00
  TUR  2863  3106  INBOUND                        14         1.586         80.250      2.280           3.21           0.00
  TUR  2863  3106  INBOUND-TNIC                  180        35.216      1,928.960     53.790          73.87           0.00
  UAE  3106  4243  OUTBOUND-CREDIT                29         0.702          1.980      0.020          -5.10           0.00
  UAE  3106  4243  OUTBOUND-CREDIT-TNIC          749        31.473      6,190.200    114.220      -2,974.42           0.00
  UAE  4243  3106  INBOUND                      2741       292.750     52,764.430  1,203.940       8,500.10           0.00
  UAE  4243  3106  INBOUND-NB                      1         0.011          2.110      0.060           0.00           0.34
  UAE  4243  3106  INBOUND-TNIC                 1659       225.940     32,976.480    736.900       5,398.31           0.00
  ZAF  3106  6550  OUTBOUND-CREDIT                 6         0.029          0.420      0.000          -0.20           0.00
  ZAF  3106  6550  OUTBOUND-CREDIT-TNIC          454        75.415     36,660.250    597.460      -3,976.69           0.00
  ZAF  6550  3106  INBOUND                        49         5.640        623.550     16.140          42.91           0.00
  ZIM  6484  3106  INBOUND                         5         0.054          0.330      0.000           0.00           0.00
  ZIM  6484  3106  INBOUND-TNIC                  181        13.018      2,164.620     47.110           0.00           0.00
  DATA MANAGEMENT CO                                                                                             PAGE    1
  JAMAICA                                                                                                        PAGE    1
  TRINIDAD                                                                                                       PAGE    1
  PANAMA                                                                                                         PAGE    1
  BARBADOS                                                                                                       PAGE    1
  CAYMAN ISLANDS                                                                                                 PAGE    1
  PHILIPPINES GLOBAL COMM. INC.                                                                                  PAGE    1
  PHILIPPINES                                                                                                    PAGE    1
  COSTA RICA                                                                                                     PAGE    1
  COSTA RICA                                                                                                     PAGE    1
@