  AUS  3106  5052  OUTBOUND                        1         0.023          3.380      0.070           0.10           0.00
  AUS  3106  5052  OUTBOUND-CREDIT                36         1.950        192.690      3.750         -17.12           0.00
  AUS  3106  5053  OUTBOUND                       38         8.292      1,072.000     20.130          28.43           0.00
  AUS  3106  5053  OUTBOUND-CREDIT               170        21.068     11,659.910    204.480        -676.67           0.00
  AUS  5052  3106  INBOUND                      2114       319.136     42,160.580  1,186.280       1,505.42           0.00
  AUS  5053  3106  INBOUND                      1728       237.622     30,942.350    678.390         916.02           0.00
  AUS  5053  3106  INBOUND-NB                      8         0.096         14.730      0.590           0.00           0.68
  BHR  3106  4263  OUTBOUND-NB                    26         0.093          0.020      0.100           0.00           0.23
  BHR  3106  4263  OUTBOUND-CREDIT               367        97.218      1,139.200     21.010      -1,156.32           0.00
  BHR  4263  3106  INBOUND                       968       127.711     12,977.030    337.450       1,941.37           0.00
  BHR  4263  3106  INBOUND-NB                    106         8.583        905.500     35.530           0.00         134.64
  BMU  3106  3503  OUTBOUND-NB                    14         0.002          0.000      0.000           0.00           0.00
  BMU  3106  3503  OUTBOUND-CREDIT                68         0.031          0.000      0.130          -0.18           0.00
  BMU  3503  3106  INBOUND                       572       709.971      9,057.960    207.290       2,325.74           0.00
  BMU  3503  3106  INBOUND-NB                     50        36.617        931.740     23.270           0.00         166.40
  BRA  7240  3106  INBOUND-TNIC                    2         0.383         30.230      0.650           4.73           0.00
  BRA  7249  3106  INBOUND                         2         1.289         83.120      2.300          13.61           0.00
  BRA  7249  3106  INBOUND-TNIC                    1         0.054          5.390      0.110           0.81           0.00
  CHL  3106  7303  OUTBOUND-CREDIT                 7         0.421          2.170      0.060          -2.91           0.00
  CHL  7303  3106  INBOUND                       988       141.883     14,854.580    376.870       1,037.51           0.00
  CHL  7303  3106  INBOUND-TNIC                   54       277.189      2,457.950     51.240         656.86           0.00
  CHN  4602  3106  INBOUND                         5         0.150         21.970      0.590           3.74           0.00
  CHN  4602  3106  INBOUND-TNIC                    1         0.116         10.890      0.190           1.98           0.00
  COL  3106  7322  OUTBOUND-CREDIT                 2         0.130          1.360      0.020          -0.47           0.00
  COL  7322  3106  INBOUND                       764       165.200     27,441.870    554.480         719.68           0.00
  COL  7322  3106  INBOUND-NB                     10         0.819        244.600      4.230           0.00           5.05
  COL  7322  3106  INBOUND-TNIC                   86        10.914      3,155.750     53.010          63.93           0.00
  DPC  3106  3020  OUTBOUND-CREDIT               258        24.570      2,325.580     41.630        -220.60           0.00
  DPC  3106  3028  OUTBOUND-CREDIT                11         0.034          9.430      0.170          -0.72           0.00
  HKG  3106  4542  OUTBOUND-CREDIT               106        56.263     15,238.210    262.150      -1,952.67           0.00
  HKG  3106  4545  OUTBOUND-CREDIT-TNIC            3         0.292          1.370      0.040          -2.24           0.00
  HKG  4542  3106  INBOUND                      4314      1261.760    110,146.300  2,766.530       8,371.86           0.00
  HKG  4542  3106  INBOUND-NB                      4         0.903        230.030      3.840           0.00           9.71
  HKG  4545  3106  INBOUND                       342        57.172      6,222.790    212.500         553.63           0.00
  HKG  4545  3106  INBOUND-NB                      1         0.075         13.850      0.300           0.00           0.78
  IDN  5101  3106  INBOUND                        10         2.684        218.240      7.210          19.79           0.00
  IDN  5101  3106  INBOUND-TNIC                    6         0.225         15.420      0.690           1.83           0.00
  IND  3106  4042  OUTBOUND-CREDIT                31         2.094        132.580     17.110         -57.64           0.00
  IND  4042  3106  INBOUND                      2519       286.393     32,384.240    951.070       1,237.46           0.00
  IND  4042  3106  INBOUND-NB                    207        14.768      1,505.590     23.590           0.00          38.36
  IRL  2724  3106  INBOUND                      1643       165.769     34,750.370    794.700         960.47           0.00
  IRL  3106  2724  OUTBOUND-CREDIT               131        10.301      8,076.620    129.980        -420.86           0.00
  ISR  3106  4251  OUTBOUND-CREDIT                 1         0.049          0.500      0.110          -0.79           0.00
  ISR  3106  4251  OUTBOUND-CREDIT-TNIC            1         0.020          0.240      0.040          -0.33           0.00
  ISR  4251  3106  INBOUND                      1501        98.362     21,307.280    483.340         945.19           0.00
  ISR  4251  3106  INBOUND-NB                      3         0.083         14.640      0.390           0.00           0.77
  JPN  3106  4401  OUTBOUND-CREDIT                71        12.125        967.080     20.780        -145.61           0.00
  JPN  3106  4408  OUTBOUND-CREDIT               461        16.076      4,403.550     70.860        -384.69           0.00
  JPN  3106  4410  OUTBOUND                        2         0.036          0.390      0.010           0.07           0.00
  JPN  3106  4410  OUTBOUND-NB                     3         0.041          0.450      0.000           0.00           0.07
  JPN  3106  4410  OUTBOUND-CREDIT                 1         0.001          0.000      0.000           0.00           0.00
  JPN  4401  3106  INBOUND                       386        26.039      1,694.350     74.650         148.50           0.00
  JPN  4408  3106  INBOUND                      3022       354.095     37,587.690    824.200       1,737.84           0.00
  JPN  4408  3106  INBOUND-NB                      2         0.235         37.930      0.720           0.00           1.41
  JPN  4410  3106  INBOUND                       175        83.933      8,978.970    160.270         360.19           0.00
  KOR  3106  4501  OUTBOUND-CREDIT-TNIC            1         0.009          0.140      0.000          -0.03           0.00
  MAN  3106  5156  OUTBOUND-NB                    15         0.004          0.000      0.000           0.00           0.00
  MAN  3106  5156  OUTBOUND-CREDIT                54         0.036          0.070      0.160          -1.24           0.00
  MAN  5156  3106  INBOUND                      1860       197.738     23,926.000    660.840       1,766.53           0.00
  MAN  5156  3106  INBOUND-NB                    330        19.479      1,364.280     33.910           0.00         111.64
  MCL  2350  3106  INBOUND                       211        18.456      4,623.640     79.480         480.82           0.00
  MCL  3106  2350  OUTBOUND-CREDIT              1429        67.123      5,484.330    115.280      -1,846.66           0.00
  MCL  3106  2350  OUTBOUND-CREDIT-TNIC            1         0.031          0.740      0.010          -0.31           0.00
  MCL  3106  2351  OUTBOUND-NB                     1         0.393          0.120      0.010           0.00           0.40
  MEX  3106  3340  OUTBOUND-CREDIT-TNIC            9         0.842         22.320      1.680          -7.58           0.00
  MYS  3106  5021  OUTBOUND                       95         6.891      1,703.550     28.830          53.58           0.00
  MYS  5021  3106  INBOUND                       771       271.334     20,206.920    424.060       1,043.07           0.00
  MYS  5021  3106  INBOUND-NB                     24         0.561          7.050      1.880           0.00           3.66
  NZL  3106  5301  OUTBOUND-CREDIT                37         1.432        339.900      7.360         -26.38           0.00
  NZL  3106  5301  OUTBOUND-CREDIT-TNIC            1         0.151          0.130      0.000          -0.47           0.00
  NZL  5301  3106  INBOUND                         1         0.290         19.360      0.510           0.80           0.00
  PER  7160  3106  INBOUND                      1127       148.913     18,494.220    487.750       2,684.02           0.00
  PHP  5151  3106  INBOUND-TNIC                    9         0.371        189.240      3.060           6.97           0.00
  QAT  4271  3106  INBOUND                        55        12.599        837.620     20.920          70.18           0.00
  SEN  6081  3106  INBOUND-TNIC                   71         2.194        250.770      7.570          15.87           0.00
  SGP  3106  5252  OUTBOUND-CREDIT                13         0.391         95.020      1.580          -7.41           0.00
  SGP  5252  3106  INBOUND                      2055       322.711     36,393.240    896.280       1,523.66           0.00
  TAI  3106  4877  OUTBOUND-CREDIT                88        56.158      6,999.720    128.820      -1,093.21           0.00
  TAI  4877  3106  INBOUND                       184        18.888      3,346.710     66.710         168.62           0.00
  TCI  3106  3763  OUTBOUND-CREDIT                17         0.011          0.000      0.050          -0.06           0.00
  TCI  3763  3106  INBOUND                         1         0.011          0.120      0.000           0.03           0.00
  TCI  3763  3106  INBOUND-NB                     89         0.634          6.790      0.100           0.00           1.94
  THA  3106  5201  OUTBOUND-CREDIT                 2         0.169          0.720      0.040          -1.18           0.00
  THA  5200  3106  INBOUND-NB                     17       178.912         13.090      0.320           0.00         358.87
  THA  5201  3106  INBOUND                      3005       314.495     45,982.490  1,079.960       4,307.46           0.00
  THA  5201  3106  INBOUND-NB                     38         1.771        215.620      5.220           0.00          20.79
  TNT  3106  3110  OUTBOUND                       29         8.320      1,986.370     66.110          88.14           0.00
  TNT  3106  3110  OUTBOUND-TNIC                   8         0.107          5.720      0.270           0.41           0.00
  TNT  3106  3110  OUTBOUND-CREDIT-TNIC           64        23.765      1,279.780     50.890        -280.80           0.00
  TUR  2863  3106  INBOUND                      2231       213.263     35,626.070    664.790         728.67           0.00
  TUR  2863  3106  INBOUND-NB                      4         0.205         22.700      0.620           0.00           0.69
  TUR  3106  2863  OUTBOUND-CREDIT               188         8.833      1,457.070     23.650         -80.88           0.00
  TYM  3106  0009  OUTBOUND-CREDIT-TNIC            1         0.005          0.070      0.000           0.00           0.00
  URG  7482  3106  INBOUND                         5         0.634         59.320      1.160           3.54           0.00
  WUI  3104  3106  INBOUND                      2123       185.957     15,831.770    358.210         941.75           0.00
  WUI  3104  3106  INBOUND-NB                   5784       188.773      8,423.520    209.820           0.00         680.68
  WUI  3106  3102  OUTBOUND-CREDIT                 1         0.004          0.000      0.000          -0.02           0.00
  WUI  3106  3104  OUTBOUND                      585       162.740     12,302.620    253.620         768.34           0.00
  WUI  3106  3104  OUTBOUND-NB                   298         7.366         51.160      1.590           0.00          16.57
  WUI  3106  3104  OUTBOUND-CREDIT              7635       575.863     35,213.710    940.120      -7,257.75           0.00
  ARG  3106  7222  OUTBOUND-NB                    10         0.002          0.000      0.000           0.00           0.00
  ARG  3106  7222  OUTBOUND-CREDIT                55         0.029          0.000      0.120          -0.22           0.00
  ARG  7220  3106  INBOUND                      1589       376.574     28,427.680    637.940       4,494.83           0.00
  ARG  7220  3106  INBOUND-NB                      3         0.163         17.860      0.460           0.00           2.64
  ARG  7222  3106  INBOUND                       558        15.373        394.640      9.590          87.74           0.00
  ARG  7222  3106  INBOUND-NB                     10        21.428      2,229.310     55.720           0.00         332.23
  ATG  3106  3443  OUTBOUND-NB                    18         0.003          0.000      0.000           0.00           0.00
  ATG  3106  3443  OUTBOUND-CREDIT               100         0.046          0.000      0.230          -0.28           0.00
  ATG  3443  3106  INBOUND                       639       173.638      9,482.280    238.170       1,105.83           0.00
  ATG  3443  3106  INBOUND-NB                    422       571.443      1,258.210     31.260           0.00       1,243.52
  AUS  5052  3106  INBOUND                       479        68.228      7,728.420    267.610         335.84           0.00
  AUS  5053  3106  INBOUND                       423        68.689      8,313.710    176.640         245.33           0.00
  AUS  5053  3106  INBOUND-NB                      3         0.079         16.080      0.430           0.00           0.50
  BHR  3106  4263  OUTBOUND-NB                    30         2.464          0.290      0.120           0.00           7.43
  BHR  3106  4263  OUTBOUND-CREDIT               138         1.770          0.380      0.260         -16.10           0.00
  BHR  4263  3106  INBOUND                      1626       237.465     31,763.220    832.480       5,476.84           0.00
  BHR  4263  3106  INBOUND-NB                    227       121.628      5,276.150    175.030           0.00       1,156.30
  BMU  3106  3503  OUTBOUND-NB                    11         0.002          0.000      0.000           0.00           0.00
  BMU  3106  3503  OUTBOUND-CREDIT                34         0.018          0.000      0.090          -0.10           0.00
  BMU  3503  3106  INBOUND                       484       675.562      6,783.440    182.390       2,029.46           0.00
  BMU  3503  3106  INBOUND-NB                     58        88.116      1,628.900     40.630           0.00         339.12
  BRA  3106  7240  OUTBOUND-CREDIT                 2         0.028          0.320      0.000          -0.33           0.00
  BRA  3106  7241  OUTBOUND-CREDIT                 6         0.024          1.200      0.020          -0.63           0.00
  BRA  7240  3106  INBOUND                       959       101.966     11,076.990    283.590       1,639.50           0.00
  BRA  7240  3106  INBOUND-TNIC                    2         0.325         23.250      0.420           3.72           0.00
  BRA  7241  3106  INBOUND                      1324       156.668     14,588.570    260.980       2,215.19           0.00
  BRA  7241  3106  INBOUND-NB                      2         0.245         16.500      0.300           0.00           2.67
  BRA  7241  3106  INBOUND-TNIC                    1         0.276         27.750      0.570           4.16           0.00
  BRA  7249  3106  INBOUND                      3203       443.359     49,570.570  1,302.250       7,304.60           0.00
  BRA  7249  3106  INBOUND-TNIC                    2         0.091          8.730      0.340           1.32           0.00
  BVI  3106  3483  OUTBOUND-CREDIT                36         0.015          0.000      0.100          -0.11           0.00
  BVI  3483  3106  INBOUND                        15         0.731         72.210      1.790           9.95           0.00
  BVI  3483  3106  INBOUND-NB                   1311         6.792        161.180      3.610           0.00          35.06
  CHN  4602  3106  INBOUND                       278        10.558      1,659.590     36.650         280.60           0.00
  COL  7322  3106  INBOUND                       649       202.424     26,648.570    509.380       1,402.23           0.00
  COL  7322  3106  INBOUND-NB                     10         1.133        173.980      3.600           0.00           9.33
  COL  7322  3106  INBOUND-TNIC                   91        15.060      2,823.230     55.160         138.34           0.00
  CPS  3106  3132  OUTBOUND-CREDIT                 1         0.003          0.090      0.000          -0.03           0.00
  DMR  3106  3700  OUTBOUND-NB                     1         0.015          0.000      0.110           0.00           0.03
  DMR  3106  3700  OUTBOUND-CREDIT                34         0.024          0.000      0.100          -0.18           0.00
  DMR  3700  3106  INBOUND                      1166       110.907     11,067.620    276.130       1,522.32           0.00
  DMR  3700  3106  INBOUND-NB                     41         2.490        408.710     10.190           0.00          52.20
  DOM  3101  3106  INBOUND                       510        15.981        895.380     22.300          64.17           0.00
  DOM  3101  3106  INBOUND-NB                      2         0.357         15.310      0.370           0.00           1.26
  DOM  3106  3101  OUTBOUND                     1508        79.241     11,400.280    254.860         568.82           0.00
  DPC  3025  3106  INBOUND                        56         1.741         45.240      1.050           1.69           0.00
  DPC  3028  3106  INBOUND                       465         6.827      2,538.270     49.930          34.36           0.00
  DPC  3106  3020  OUTBOUND-CREDIT                72        31.753      1,270.910     25.950        -108.38           0.00
  EGY  6020  3106 UND-TNIC                    1         0.014          0.620      0.020           0.09           0.00
  HKG  4542  3106  INBOUND                      2626       224.123     35,600.490    795.030       2,094.25           0.00
  HKG  4542  3106  INBOUND-NB                      7         1.698        394.770      6.550           0.00          16.92
  HKG  4545  3106  INBOUND                        52         3.475        635.850     16.270          40.35           0.00
  IDN  3106  5101  OUTBOUND-CREDIT               125        32.964     17,483.870    311.360      -2,065.96           0.00
  IDN  5101  3106  INBOUND                      3081       598.999     44,590.990  1,268.380       3,734.76           0.00
  IDN  5101  3106  INBOUND-NB                     53         3.878        411.360     13.260           0.00          34.27
  IDN  5101  3106  INBOUND-TNIC                   87        22.507      1,278.450     32.140         109.30           0.00
  IND  4042  3106  INBOUND                        38         7.101        697.920     18.060          25.16           0.00
  IND  4042  3106  INBOUND-NB                      4         0.213         12.020      0.230           0.00           0.45
  IND  4042  3106  INBOUND-TNIC                   17         1.625        133.770      5.950           7.58           0.00
  ISR  3106  4251  OUTBOUND-CREDIT                 1         0.014          0.310      0.070          -0.52           0.00
  ISR  4251  3106  INBOUND                       538        35.950      6,499.060    135.650         343.21           0.00
  ISR  4251  3106  INBOUND-NB                      1         0.017          2.860      0.090           0.00           0.22
  ISR  4251  3106  INBOUND-TNIC                  414        27.564      4,431.620    107.690         270.51           0.00
  ITT  3103  3106  INBOUND                        66         0.890          1.680      0.060           1.83           0.00
  ITT  3106  3103  OUTBOUND                     8299       421.202     71,364.590  1,520.590       3,411.12           0.00
  ITT  3106  3103  OUTBOUND-NB                     2         0.008          0.120      0.000           0.00           0.02
  ITT  3106  3103  OUTBOUND-CREDIT                53         0.987         13.420      1.000          -7.36           0.00
  ITT  3106  3107  OUTBOUND-NB                    31         0.508          0.000      0.310           0.00           1.01
  ITT  3106  3107  OUTBOUND-CREDIT                77         0.028          0.000      0.290          -0.17           0.00
  JPN  3106  4401  OUTBOUND                        3         0.406          9.730      0.630           1.53           0.00
  JPN  3106  4401  OUTBOUND-CREDIT               158        17.964      2,479.460     40.400        -258.28           0.00
  JPN  4401  3106  INBOUND                       364        31.190      2,196.120     90.510         179.50           0.00
  JPN  4408  3106  INBOUND                      3053       418.975     40,410.980    872.240       1,904.39           0.00
  KOR  3106  4501  OUTBOUND-NB                    13         0.002          0.000      0.000           0.00           0.00
  KOR  3106  4501  OUTBOUND-CREDIT                54         0.204          0.000      2.000          -1.22           0.00
  KOR  4501  3106  INBOUND                      2894       375.980     42,166.450    953.950       4,125.16           0.00
  MCL  3106  2350  OUTBOUND-CREDIT-TNIC           16         9.028      1,861.970    130.870        -585.68           0.00
  MNI  3106  5154  OUTBOUND                        2         0.012          0.270      0.010           0.07           0.00
  MNI  3106  5154  OUTBOUND-NB                    43         0.362          0.080      0.060           0.00           1.09
  MNI  3106  5154  OUTBOUND-CREDIT                71         0.136          0.070      7.320          -1.25           0.00
  MNI  5154  3106  INBOUND                      3005       301.488     46,082.950  1,175.330       7,816.83           0.00
  MNI  5154  3106  INBOUND-NB                    224        36.257      6,921.400    172.920           0.00       1,146.97
  NAN  3620  3106  INBOUND                         7         0.272         11.470      0.450           1.69           0.00
  NAN  3620  3106  INBOUND-NB                     16         0.864         54.170      1.520           0.00           7.14
  NZL  3106  5301  OUTBOUND-CREDIT                28        15.980      2,253.910     77.240        -279.67           0.00
  NZL  5301  3106  INBOUND                      9766       694.564    114,402.310  2,766.460       3,461.02           0.00
  NZL  5301  3106  INBOUND-NB                      8         0.289        124.070      1.890           0.00           2.18
  PHP  5151  3106  INBOUND-TNIC                   14         0.795         63.180      1.560          11.86           0.00
  PRI  3106  3300  OUTBOUND                        1         0.006          0.000      0.000           0.01           0.00
  PRI  3106  3300  OUTBOUND-NB                    84         0.214          0.080      0.230           0.00           0.54
  PRI  3106  3300  OUTBOUND-CREDIT                74         0.201          0.000      2.260          -1.51           0.00
  PRI  3300  3106  INBOUND                       382        29.665      4,353.810    110.340         563.94           0.00
  QAT  4271  3106  INBOUND                        65         3.228        201.820      7.680          22.63           0.00
  SEN  6081  3106  INBOUND-TNIC                   44         2.510        523.840     11.710          28.45           0.00
  SGP  5252  3106  INBOUND                      2008       310.888     41,066.910    996.080       2,123.74           0.00
  SGP  5252  3106  INBOUND-NB                      2         0.049          3.800      0.160           0.00           0.34
  TAI  4877  3106  INBOUND                      2915       288.966     43,246.390    898.330       7,353.78           0.00
  TAI  4877  3106  INBOUND-NB                      3         0.062          5.850      0.270           0.00           1.06
  TCI  3106  3763  OUTBOUND-CREDIT                 7         0.004          0.000      0.020          -0.01           0.00
  TCI  3763  3106  INBOUND-NB                    173         1.443         15.700      0.250           0.00           1.77
  TLX  3106  4872  OUTBOUND-CREDIT               172        44.380      8,307.750    141.270      -4,137.91           0.00
  TLX  4872  3106  INBOUND                      4770       381.092     45,360.320    999.720       7,947.21           0.00
  TLX  4873  3106  INBOUND                       961       100.702     14,683.540    344.550       2,504.61           0.00
  TNT  3106  3110  OUTBOUND                        7         0.115          9.130      0.250           0.55           0.00
  TNT  3106  3110  OUTBOUND-CREDIT                59        13.196        907.060     39.210        -177.13           0.00
  TNT  3126  3106  INBOUND                         4         0.070          1.790      0.090           0.20           0.00
  URG  7482  3106  INBOUND                       602        50.887      6,101.700    153.430         402.48           0.00
  URG  7482  3106  INBOUND-NB                     20         1.503        283.620      5.550           0.00          13.91
  URG  7482  3106  INBOUND-TNIC                   27         4.290        336.360     10.520          29.19           0.00
  VIR  3106  3320  OUTBOUND-CREDIT                42         0.019          0.000      0.120          -0.14           0.00
  VIR  3320  3106  INBOUND                      1562       428.684     16,058.650    400.720       2,878.23           0.00
  VIR  3320  3106  INBOUND-NB                     44         1.601        144.730      3.590           0.00          20.28
  WUI  3104  3106  INBOUND                         3         0.162         40.200      1.000           1.77           0.00
  WUI  3106  3104  OUTBOUND-CREDIT                 2         2.103      1,005.470     32.840        -121.20           0.00
  ZAF  3106  6550  OUTBOUND-CREDIT                32         0.772        105.640      2.510         -19.44           0.00
  ZAF  6550  3106  INBOUND                      2062       494.290     39,188.390  1,140.410       3,220.26           0.00
  ZAF  6550  3106  INBOUND-NB                      6         0.260         39.320      0.960           0.00           2.41
  AUS  3106  5052  OUTBOUND-CREDIT               209         1.344         28.790      1.060          -7.23           0.00
  AUS  3106  5052  OUTBOUND-CREDIT-TNIC           15         0.839         58.490      1.480          -6.96           0.00
  AUS  3106  5053  OUTBOUND-CREDIT                48         5.899      4,127.860     69.370        -225.80           0.00
  AUS  5052  3106  INBOUND                       594        82.121     12,657.300    307.350         389.47           0.00
  AUS  5053  3106  INBOUND                       505        61.240      8,539.760    189.370         250.61           0.00
  AUS  5053  3106  INBOUND-NB                      2         0.020          1.490      0.080           0.00           0.10
  BHR  3106  4263  OUTBOUND-NB                    14         0.009          0.220      0.010           0.00           0.06
  BHR  3106  4263  OUTBOUND-CREDIT               316       162.521        870.260     16.150      -1,854.30           0.00
  BHR  4263  3106  INBOUND                      1558       191.884     24,862.380    662.530       4,304.97           0.00
  BHR  4263  3106  INBOUND-NB                    258        44.192      3,357.840    124.650           0.00         636.24
  BMU  3106  3503  OUTBOUND-NB                     5         0.000          0.000      0.000           0.00           0.00
  BMU  3106  3503  OUTBOUND-CREDIT                34         0.017          0.000      0.070          -0.10           0.00
  BMU  3503  3106  INBOUND                       154        24.952      2,125.330     60.180         262.43           0.00
  BMU  3503  3106  INBOUND-NB                     15         5.074        360.700      9.010           0.00          46.21
  CHL  3106  7305  OUTBOUND-CREDIT               494         6.013      1,167.420     26.020        -482.86           0.00
  CHL  7303  3106  INBOUND                         2         0.265         54.920      1.230           7.52           0.00
  CHL  7305  3106  INBOUND                       320        46.038      6,772.220    130.490         961.61           0.00
  DPC  3106  3020  OUTBOUND-CREDIT               442       159.714     10,143.820    219.780        -677.36           0.00
  DPC  3106  3025  OUTBOUND-CREDIT                 6         0.068          0.970      0.020          -0.17           0.00
  DPC  3106  3028  OUTBOUND-CREDIT                10         0.065         24.290      0.390          -0.98           0.00
  HKG  3106  4542  OUTBOUND-CREDIT                32        12.378        607.780      9.840        -142.62           0.00
  HKG  4542  3106  INBOUND                        24         4.332      1,086.620     26.100          61.96           0.00
  IND  4042  3106  INBOUND                         1         0.017          0.000      0.000           0.01           0.00
  IRL  3106  2724  OUTBOUND-CREDIT-TNIC            1         0.023          5.300      0.110          -0.40           0.00
  JPN  3106  4401  OUTBOUND-CREDIT               247        40.126      2,310.760     47.240        -386.58           0.00
  JPN  3106  4408  OUTBOUND-CREDIT               615        35.707      8,541.540    137.060        -764.48           0.00
  JPN  4401  3106  INBOUND                       244        10.615        986.730     32.830          64.07           0.00
  JPN  4408  3106  INBOUND                      3051       336.107     40,082.410    890.230       1,808.70           0.00
  JPN  4408  3106  INBOUND-NB                      1         0.087         18.400      0.370           0.00           0.68
  KOR  3106  4501  OUTBOUND-CREDIT               720       100.377     24,183.810    535.220      -6,406.34           0.00
  KOR  3106  4501  OUTBOUND-CREDIT-TNIC            2         0.012          3.870      0.100          -1.00           0.00
  KOR  4501  3106  INBOUND                     12201      1443.420    178,757.280  4,119.780      17,186.94           0.00
  KOR  4501  3106  INBOUND-NB                      3         0.422        118.980      2.130           0.00          10.36
  MCL  3106  2350  OUTBOUND-CREDIT-TNIC            1         0.423         93.260      7.250         -29.24           0.00
  MNR  3106  5152  OUTBOUND                        2         0.001          0.110      0.030           0.02           0.00
  MNR  3106  5152  OUTBOUND-NB                    72         0.088          0.020      0.100           0.00           0.26
  MNR  3106  5152  OUTBOUND-CREDIT               965       111.098     34,944.530    718.430     -16,724.91           0.00
  MNR  3106  5152  OUTBOUND-TNIC                   3         0.037          5.280      0.260           0.90           0.00
  MNR  5152  3106  INBOUND                       154        40.285      7,566.930    153.370       1,255.89           0.00
  MNR  5152  3106  INBOUND-NB                    189        37.228      3,568.050     89.160           0.00         646.88
  NAN  3106  3620  OUTBOUND-NB                    10         0.001          0.000      0.000           0.00           0.00
  NAN  3106  3620  OUTBOUND-CREDIT                60         0.186          0.000      1.280          -1.39           0.00
  NAN  3620  3106  INBOUND                       529       287.835      2,393.200     63.890         988.80           0.00
  NAN  3620  3106  INBOUND-NB                     39         3.951        324.430      8.540           0.00          46.37
  NZL  3106  5301  OUTBOUND-CREDIT                 4         0.025         10.160      0.160          -0.56           0.00
  NZL  3106  5301  OUTBOUND-CREDIT-TNIC           41         2.548        532.670     10.540         -39.28           0.00
  PHP  5151  3106  INBOUND-TNIC                    1         0.096          8.910      0.300           1.62           0.00
  RCA  3106  3113  OUTBOUND-NB                   101         0.713          8.140      0.620           0.00           1.72
  RCA  3106  3113  OUTBOUND-CREDIT               296        50.618          4.100      7.690        -304.14           0.00
  RCA  3106  3136  OUTBOUND-CREDIT                17         0.494         60.060      1.380          -9.45           0.00
  RCA  3113  3106  INBOUND                       255        42.323      1,058.470     31.080         122.74           0.00
  RCA  3113  3106  INBOUND-NB                     29       242.627         73.400      1.820           0.00         487.89
  SGP  5252  3106  INBOUND                      2087       384.695     41,971.920  1,044.740       2,322.74           0.00
  TAI  3106  4877  OUTBOUND-NB                     1         0.006          0.360      0.050           0.00           0.07
  TAI  3106  4877  OUTBOUND-CREDIT                88        74.560      6,609.090    124.870      -3,645.13           0.00
  TAI  4877  3106  INBOUND                       186        13.192      1,142.390     26.860         210.93           0.00
  TCI  3106  3763  OUTBOUND-CREDIT                 5         0.003          0.000      0.010           0.00           0.00
  TCI  3763  3106  INBOUND                         1         0.017          0.280      0.000           0.02           0.00
  TCI  3763  3106  INBOUND-NB                     87         0.643          6.760      0.100           0.00           0.78
  TLX  0004  3106  INBOUND                       106        25.311        400.770      9.960         127.60           0.00
  TLX  3106  4872  OUTBOUND-CREDIT                 1         0.011          0.140      0.000          -0.16           0.00
  TLX  4872  3106  INBOUND                        10         5.823      5,136.130     98.770         787.89           0.00
  TNT  3106  3110  OUTBOUND-CREDIT                 1         0.011          0.010      0.000          -0.07           0.00
  TNT  3106  3126  OUTBOUND-CREDIT                23         0.661         60.220      3.960         -10.47           0.00
  TYM  3106  0009  OUTBOUND-CREDIT                 2         0.006          0.150      0.000           0.00           0.00
  UAE  3106  4243  OUTBOUND-CREDIT                 9         0.383         39.580      1.490         -21.26           0.00
  UAE  4243  3106  INBOUND                      2641       521.048     38,793.580    857.400       7,382.11           0.00
  UAE  4243  3106  INBOUND-NB                      9         1.417        375.510      6.370           0.00          60.57
  ZAF  3106  6550  OUTBOUND-CREDIT-TNIC            1         0.011          0.210      0.000          -0.10           0.00
  ARG  3106  7222  OUTBOUND-CREDIT                 4         0.185         22.600      0.830          -6.13           0.00
  ARG  7222  3106  INBOUND                      1613       356.714     40,062.870    900.540       2,514.51           0.00
  ARG  7222  3106  INBOUND-NB                     55         6.781      1,923.650     22.950           0.00          59.47
  AUS  3106  5052  OUTBOUND-CREDIT                14         1.426        834.380     13.280         -44.14           0.00
  AUS  5052  3106  INBOUND                       685        95.357     12,350.160    337.680         433.03           0.00
  AUS  5053  3106  INBOUND                       561        56.361      7,514.050    170.410         226.77           0.00
  BHR  4263  3106  INBOUND                      1432       179.549     25,696.570    640.950       3,660.88           0.00
  BHR  4263  3106  INBOUND-NB                    207        44.609      4,815.100    148.590           0.00         713.40
  BHS  3106  3640  OUTBOUND-NB                    17         0.048          0.070      0.050           0.00           0.10
  BHS  3106  3640  OUTBOUND-CREDIT                55         0.026          0.000      0.120          -0.15           0.00
  BHS  3640  3106  INBOUND                      1230       650.883     17,827.710    401.920       3,084.53           0.00
  BHS  3640  3106  INBOUND-NB                     22         3.686        325.690      8.130           0.00          39.94
  BMU  3106  3503  OUTBOUND-NB                     3         0.000          0.000      0.000           0.00           0.00
  BMU  3106  3503  OUTBOUND-CREDIT                23         0.224          2.700      0.110          -2.15           0.00
  BMU  3503  3106  INBOUND                       157        43.283      2,645.360     82.810         351.10           0.00
  BMU  3503  3106  INBOUND-NB                     17         7.745        237.950      5.940           0.00          39.28
  BRA  7240  3106  INBOUND                         1         0.043          6.380      0.110           0.90           0.00
  BRA  7241  3106  INBOUND-TNIC                    2         0.242         13.550      0.230           2.30           0.00
  BRA  7249  3106  INBOUND                         5         0.334         21.280      0.600           3.49           0.00
  BRA  7249  3106  INBOUND-TNIC                    1         0.073          3.520      0.080           0.62           0.00
  COL  7322  3106  INBOUND                       665       119.774     19,848.450    418.570         538.35           0.00
  COL  7322  3106  INBOUND-NB                      7         0.308         52.050      1.250           0.00           1.56
  COL  7322  3106  INBOUND-TNIC                   93        14.346      1,658.910     42.290          56.64           0.00
  CRI  7122  3106  INBOUND                       269        49.019      5,341.830    219.370         301.92           0.00
  CRI  7122  3106  INBOUND-NB                     19         0.717         64.460      1.710           0.00           2.73
  CRI  7129  3106  INBOUND                      1293       160.901     17,389.000    461.650         700.32           0.00
  CRI  7129  3106  INBOUND-NB                     14         0.539        124.410      2.720           0.00           3.67
  CSC  3106  3137  OUTBOUND-CREDIT                22         1.801        212.610      4.340         -33.76           0.00
  DPC  3106  3020  OUTBOUND-CREDIT               145        43.357      1,714.670     59.390        -147.25           0.00
  DPC  3106  3025  OUTBOUND-CREDIT                18         0.176          8.150      0.280          -0.63           0.00
  DPC  3106  3028  OUTBOUND-CREDIT               333         1.762        527.490      8.750         -22.09           0.00
  EGY  6020  3106  INBOUND                       599        48.755      4,410.890    114.460         538.60           0.00
  GTM  7044  3106  INBOUND                       261         9.929        517.370     12.800          71.59           0.00
  GTM  7044  3106  INBOUND-NB                     11         0.645         33.060      0.820           0.00           4.59
  HND  3106  7080  OUTBOUND-NB                    13         0.014          0.000      0.050           0.00           0.02
  HND  3106  7080  OUTBOUND-CREDIT                54         0.031          0.000      0.120          -0.18           0.00
  HND  7080  3106  INBOUND-NB                      1         0.721         99.160      2.470           0.00          11.35
  IRL  3106  2724  OUTBOUND-CREDIT-TNIC            1         1.411      1,872.040     29.070         -91.47           0.00
  JAM  3106  3380  OUTBOUND-NB                    37         0.014          0.000      0.060           0.00           0.02
  JAM  3106  3380  OUTBOUND-CREDIT               161         0.096          0.000      0.400          -0.57           0.00
  JAM  3380  3106  INBOUND                      5074       391.213     32,197.670    720.030       4,002.19           0.00
  JAM  3380  3106  INBOUND-NB                   6624        36.060      1,405.650     31.670           0.00         212.68
  JPN  3106  4401  OUTBOUND-CREDIT-TNIC           38         4.739        333.810      7.010         -52.01           0.00
  JPN  3106  4408  OUTBOUND-CREDIT-TNIC          364        12.593      3,566.410     57.480        -310.04           0.00
  JPN  4408  3106  INBOUND-TNIC                    1         0.007          0.050      0.000           0.01           0.00
  NAN  3620  3106  INBOUND                        82       296.763        694.340     17.310         662.96           0.00
  NAN  3620  3106  INBOUND-NB                      3         0.060          0.440      0.010           0.00           0.16
  NZL  5301  3106  INBOUND-TNIC                    1         0.013          1.280      0.040           0.06           0.00
  PAN  3106  7141  OUTBOUND-NB                    40         0.057          0.020      0.060           0.00           0.11
  PAN  3106  7141  OUTBOUND-CREDIT               180        25.299        581.310     10.250        -323.90           0.00
  PAN  7141  3106  INBOUND                     28013       584.626     28,361.580    583.720       3,985.52           0.00
  PAN  7141  3106  INBOUND-NB                     16        37.533      9,886.920    247.160           0.00       1,062.63
  PHP  5151  3106  INBOUND                       869        68.501      9,521.540    216.940         856.32           0.00
  PHP  5151  3106  INBOUND-TNIC                    9         0.270         48.890      1.000           3.82           0.00
  RCA  3106  3113  OUTBOUND-CREDIT                 4         0.046          1.480      0.130          -0.43           0.00
  RCA  3106  3136  OUTBOUND                      329         0.637         65.440      4.400           3.60           0.00
  RCA  3106  3136  OUTBOUND-NB                     2         0.063          8.030      0.160           0.00           0.41
  RCA  3106  3136  OUTBOUND-CREDIT                25         3.421        680.980     11.950         -94.07           0.00
  SEN  6081  3106  INBOUND-TNIC                   21         0.602         67.850      1.950           4.15           0.00
  SGP  3106  5252  OUTBOUND-CREDIT               487        22.118     10,058.130    156.210        -668.71           0.00
  SGP  5252  3106  INBOUND                      1976       284.301     31,391.440    779.870       1,330.14           0.00
  SGP  5252  3106  INBOUND-NB                      2         0.036          1.870      0.110           0.00           0.18
  TAI  4877  3106  INBOUND                        16         0.779        105.270      2.120          18.13           0.00
  TAI  4877  3106  INBOUND-TNIC                    1         0.041          6.760      0.130           1.14           0.00
  TCI  3106  3763  OUTBOUND-CREDIT                 7         0.004          0.000      0.020           0.00           0.00
  TCI  3763  3106  INBOUND-NB                     84         0.611          6.260      0.080           0.00           0.00
  TLX  3106  8010  OUTBOUND                     3033        56.204      4,551.340    101.900         276.11           0.00
  TLX  3106  8020  OUTBOUND                     2067        33.890      4,655.780     87.710         235.29           0.00
  TLX  3106  8030  OUTBOUND                     1168        17.412      1,757.660     37.560          98.04           0.00
  TLX  3106  8231  OUTBOUND                    35703      1181.162     25,742.300  1,728.750       3,287.29           0.00
  TLX  3106  8231  OUTBOUND-CREDIT                 5         0.044          0.690      0.070          -0.34           0.00
  TNT  3106  3110  OUTBOUND-CREDIT               123        28.552      3,247.800    159.800        -522.06           0.00
  TRT  3106  3119  OUTBOUND                     1029        14.889      3,884.310    109.090         169.55           0.00
  TRT  3106  3119  OUTBOUND-NB                    50         0.705          0.060      1.090           0.00           1.41
  TRT  3106  3119  OUTBOUND-CREDIT              2173        65.648     12,254.630    544.450      -1,717.25           0.00
  TRT  3119  3106  INBOUND                       703        41.584      9,077.550    202.270         409.92           0.00
  TRT  3119  3106  INBOUND-NB                     17         1.872        193.830      4.490           0.00          10.72
  TTO  3106  3740  OUTBOUND-NB                    12         0.002          0.020      0.000           0.00           0.00
  TTO  3106  3740  OUTBOUND-CREDIT               177         4.640        251.200      9.250         -83.37           0.00
  TTO  3740  3106  INBOUND                       838       516.089      5,854.620    171.170       1,374.52           0.00
  TTO  3740  3106  INBOUND-NB                     75        17.363      1,571.050     39.230           0.00         113.20
  TTO  3745  3106  INBOUND                       207        25.881      1,735.350     40.530         132.83           0.00
  ZAF  3106  6550  OUTBOUND-CREDIT-TNIC            1         0.038          0.950      0.070          -0.52           0.00
  ARG  3106  7222  OUTBOUND                       12         0.253         11.700      0.920           2.09           0.00
  ARG  3106  7222  OUTBOUND-CREDIT                18         1.145         92.580      3.530         -43.30           0.00
  ARG  7222  3106  INBOUND                        21         9.337      2,794.420     53.500         372.64           0.00
  AUS  3106  5052  OUTBOUND                       71         5.507        378.600     10.990          16.49           0.00
  AUS  3106  5052  OUTBOUND-CREDIT                34         2.211        515.870      8.930         -33.45           0.00
  AUS  3106  5052  OUTBOUND-CREDIT-TNIC           63         4.745        466.300     10.690         -46.32           0.00
  AUS  3106  5053  OUTBOUND                        3         0.062          4.550      0.120           0.19           0.00
  AUS  3106  5053  OUTBOUND-CREDIT-TNIC            3         0.074          6.730      0.240          -0.96           0.00
  AUS  5052  3106  INBOUND                       103         9.841      2,240.000     53.280          63.13           0.00
  AUS  5052  3106  INBOUND-NB                      6         0.134         40.610      0.990           0.00           1.12
  BHR  3106  4263  OUTBOUND                       39         0.175          6.340      0.490           1.47           0.00
  BHS  3106  3640  OUTBOUND-CREDIT-TNIC            4         0.044          3.280      0.280          -1.25           0.00
  BMU  3106  3503  OUTBOUND-NB                     7         0.001          0.030      0.000           0.00           0.00
  BMU  3106  3503  OUTBOUND-CREDIT                29        10.210        618.420     21.650        -246.78           0.00
  BMU  3106  3503  OUTBOUND-CREDIT-TNIC            2         0.023          0.910      0.160          -0.41           0.00
  BMU  3503  3106  INBOUND                       560       662.605      6,403.130    162.790       1,965.52           0.00
  BMU  3503  3106  INBOUND-NB                     45        50.247      2,513.460     62.110           0.00         351.84
  BRA  3106  7241  OUTBOUND-CREDIT-TNIC            1         0.020          0.170      0.060          -0.22           0.00
  BRA  7249  3106  INBOUND                         2         1.753        102.800      3.510          17.23           0.00
  BRB  3106  3423  OUTBOUND-NB                    44         1.149          0.000      0.240           0.00           2.29
  BRB  3106  3423  OUTBOUND-CREDIT               257         0.132          0.560      0.540          -0.96           0.00
  BRB  3106  3423  OUTBOUND-CREDIT-TNIC            2         0.014          0.810      0.100          -0.33           0.00
  BRB  3423  3106  INBOUND                       369      1200.501      5,149.930    178.750       2,915.99           0.00
  BRB  3423  3106  INBOUND-NB                     79        29.448        469.380     11.690           0.00         105.83
  CAY  3106  3463  OUTBOUND-NB                    26         0.005          0.000      0.000           0.00           0.00
  CAY  3106  3463  OUTBOUND-CREDIT               107         0.063          0.000      0.240          -0.19           0.00
  CAY  3463  3106  INBOUND                      1032       108.112      9,485.360    264.490         582.35           0.00
  CAY  3463  3106  INBOUND-NB                    790      2001.165     10,283.780    256.730           0.00       2,515.33
  COL  7322  3106  INBOUND                        57        11.794      1,102.360     25.590          73.65           0.00
  COL  7322  3106  INBOUND-TNIC                   57        12.716      4,854.910     79.080         180.85           0.00
  CPS  3106  3132  OUTBOUND                       19         0.237         15.880      0.700           1.04           0.00
  CPS  3106  3132  OUTBOUND-CREDIT-TNIC            3         0.259         17.600      0.550          -3.45           0.00
  CSC  3106  3137  OUTBOUND                       10         0.928         82.700      2.180           4.83           0.00
  DPC  3020  3106  INBOUND                         1         0.005          0.410      0.030           0.00           0.00
  DPC  3020  3106  INBOUND-NB                      1         0.008          1.680      0.080           0.00           0.02
  DPC  3106  3020  OUTBOUND                     6835       292.418     17,407.340    616.540         399.37           0.00
  DPC  3106  3020  OUTBOUND-CREDIT                 3         0.952         39.950      0.930          -3.31           0.00
  DPC  3106  3025  OUTBOUND-CREDIT                35         0.137          3.830      0.080          -0.40           0.00
  DPC  3106  3028  OUTBOUND-CREDIT               324         1.794        495.310      8.260         -21.02           0.00
  FTC  3106  3124  OUTBOUND                     4418        62.469      3,040.900    103.770         234.17           0.00
  FTC  3106  3124  OUTBOUND-NB                    70         0.578          2.900      0.840           0.00           1.26
  FTC  3106  3124  OUTBOUND-CREDIT               215         0.192          0.000      7.220          -1.15           0.00
  FTC  3106  3124  OUTBOUND-CREDIT-TNIC            1         0.011          0.270      0.030          -0.09           0.00
  FTC  3124  3106  INBOUND                       575      1392.997     14,466.300    430.780       3,306.76           0.00
  FTC  3124  3106  INBOUND-NB                     13        72.591        167.090      4.170           0.00         151.19
  HKG  3106  4542  OUTBOUND                        4         0.224         50.770      0.910           2.32           0.00
  HKG  3106  4542  OUTBOUND-CREDIT               262        19.204      3,855.180     70.660        -553.61           0.00
  HKG  3106  4542  OUTBOUND-CREDIT-TNIC            3         0.027          0.920      0.200          -1.40           0.00
  HKG  3106  4545  OUTBOUND                       13         0.585         79.190      1.860           5.03           0.00
  HKG  3106  4545  OUTBOUND-CREDIT-TNIC            2         0.082          4.210      0.080          -1.05           0.00
  HKG  4542  3106  INBOUND                         6         1.116         70.840      1.680           5.87           0.00
  IND  4042  3106  INBOUND-NB                      5         0.141         57.490      0.460           0.00           0.60
  IRL  3106  2724  OUTBOUND                       10         0.194          3.650      0.550           0.75           0.00
  IRL  3106  2724  OUTBOUND-CREDIT-TNIC            7         0.169          2.680      0.470          -1.92           0.00
  ISR  3106  4251  OUTBOUND                      126        13.288      1,067.330     50.660         127.91           0.00
  ISR  3106  4251  OUTBOUND-CREDIT-TNIC          129         7.057        408.850     24.320        -188.27           0.00
  ISR  4251  3106  INBOUND                         1         0.013          0.320      0.030           0.09           0.00
  ITT  3106  3107  OUTBOUND-CREDIT-TNIC            8         0.086          3.420      0.620          -0.89           0.00
  JPN  3106  4401  OUTBOUND                       12         1.070         91.680      1.990           4.52           0.00
  JPN  3106  4401  OUTBOUND-CREDIT               660        78.135      7,659.050    175.970      -1,124.37           0.00
  JPN  3106  4401  OUTBOUND-CREDIT-TNIC            5         0.107          5.800      0.310          -1.86           0.00
  JPN  3106  4408  OUTBOUND                       43         6.984        334.780      7.130          20.82           0.00
  JPN  3106  4408  OUTBOUND-CREDIT               678        25.267      6,918.910    115.600        -623.32           0.00
  JPN  3106  4408  OUTBOUND-CREDIT-TNIC           22         1.812        137.020      3.020         -21.38           0.00
  JPN  4401  3106  INBOUND                       504        51.341      3,019.320     99.490         222.45           0.00
  JPN  4408  3106  INBOUND                      4209       567.969     62,557.150  1,347.470       2,825.07           0.00
  KOR  3106  4501  OUTBOUND                        1         0.045          0.230      0.070           0.10           0.00
  KOR  4501  3106  INBOUND                         7         0.744         86.640      2.860           8.41           0.00
  MCL  2350  3106  INBOUND                      1196       186.478     31,527.350    725.270       3,339.21           0.00
  MCL  2350  3106  INBOUND-NB                      4         0.070         12.300      0.320           0.00           1.30
  MCL  2351  3106  INBOUND                        13         0.227          7.230      0.360           0.95           0.00
  MCL  2351  3106  INBOUND-NB                      8         0.349          6.990      0.460           0.00           1.04
  MCL  3106  2350  OUTBOUND-NB                     1         0.003          0.070      0.000           0.00           0.01
  MCL  3106  2350  OUTBOUND-CREDIT               945        37.746      1,635.920     37.020        -604.01           0.00
  MCL  3106  2352  OUTBOUND                        2         0.079          3.980      0.120           0.47           0.00
  MCL  3106  2352  OUTBOUND-CREDIT-TNIC            2         0.061          5.110      0.160          -1.71           0.00
  MNR  3106  5152  OUTBOUND-CREDIT-TNIC            1         0.017          0.550      0.110          -0.40           0.00
  NZL  3106  5301  OUTBOUND                        4         0.055          1.460      0.220           0.27           0.00
  NZL  3106  5301  OUTBOUND-CREDIT-TNIC           12         0.140         27.220      0.650          -2.38           0.00
  RCA  3106  3113  OUTBOUND                       52         1.301         27.970      2.600           3.60           0.00
  RCA  3106  3113  OUTBOUND-CREDIT-TNIC            1         0.009          0.280      0.030          -0.08           0.00
  RCA  3106  3136  OUTBOUND                        3         0.196         11.140      0.300           0.79           0.00
  SEN  6081  3106  INBOUND-TNIC                   30         1.316        197.700      5.720          14.07           0.00
  SGP  3106  5252  OUTBOUND                        4         0.222         24.630      0.530           1.22           0.00
  SGP  3106  5252  OUTBOUND-CREDIT               583        35.262     14,630.320    231.990      -1,302.86           0.00
  SGP  3106  5252  OUTBOUND-CREDIT-TNIC            7         2.025        250.320      6.820         -43.15           0.00
  SGP  5252  3106  INBOUND                         4         0.043          0.070      0.000           0.06           0.00
  TAI  3106  4877  OUTBOUND-CREDIT-TNIC            1         0.008          0.350      0.040          -0.23           0.00
  TCI  3763  3106  INBOUND-NB                    135         0.993         10.280      0.140           0.00           1.20
  TLX  0007  3106  INBOUND                         6        10.005          0.940      0.010           0.00           0.00
  TLX  3106  4872  OUTBOUND                        2         0.019          0.420      0.030           0.12           0.00
  TNT  3106  3110  OUTBOUND                    11457      2631.474    319,632.340 13,263.110      16,769.16           0.00
  TNT  3106  3110  OUTBOUND-CREDIT-TNIC         9769      2031.211    162,625.070  7,668.930     -29,750.07           0.00
  TRT  3106  3119  OUTBOUND                       40         2.627         99.660      4.550           8.84           0.00
  TRT  3119  3106  INBOUND                         1         0.005          0.170      0.050           0.01           0.00
  TUN  3106  6050  OUTBOUND-CREDIT-TNIC           21        13.732      2,256.510    116.900           0.00           0.00
  TYM  3106  0009  OUTBOUND-NB                    12         0.182          2.900      0.360           0.00           0.00
  WUI  3104  3106  INBOUND                         1         0.024          3.170      0.050           0.16           0.00
  WUI  3106  3104  OUTBOUND-CREDIT-TNIC           11         0.085          5.220      0.600          -1.07           0.00
  ZAF  3106  6550  OUTBOUND                      102         2.793         53.970      4.260          13.90           0.00
  ZAF  3106  6550  OUTBOUND-CREDIT-TNIC           43         1.355         41.280      2.860         -24.94           0.00
  TYMNET                                                                                                         PAGE    1
  AUS  5052  3106  INBOUND                        80        12.582      1,511.190     46.550          59.13           0.00
  AUS  5053  3106  INBOUND                        94        16.866      1,102.040     26.190          43.06           0.00
  AUS  5053  3106  INBOUND-NB                      1         0.008          0.710      0.020           0.00           0.02
  BHR  4263  3106  INBOUND                        45         6.916        767.030     18.790         135.80           0.00
  CHL  7302  3106  INBOUND                      1009       116.296     12,775.950    381.890         996.38           0.00
  CHL  7305  3106  INBOUND                        58         1.173        109.440      2.660           7.68           0.00
  DMR  3701  3106  INBOUND                        50        17.283      4,381.380    125.620         536.11           0.00
  HKG  4542  3106  INBOUND                        23         3.835        380.550      8.160          24.96           0.00
  HKG  4546  3106  INBOUND                        36         3.388        276.820      9.090          25.80           0.00
  ISR  3106  4251  OUTBOUND-CREDIT                 1         0.020          0.080      0.000          -0.14           0.00
  ISR  4251  3106  INBOUND                      5967       392.566     61,993.750  1,304.200       3,342.34           0.00
  JPN  4400  3106  INBOUND                       322        31.585      9,063.490    730.560       2,318.03           0.00
  MYS  5021  3106  INBOUND                       532       233.208     18,057.810    352.990         879.29           0.00
  MYS  5021  3106  INBOUND-NB                      8         0.374         90.600      1.330           0.00           2.56
  THA  5201  3106  INBOUND                       156        17.765      2,235.800     55.850         214.38           0.00
  TNT  3106  3110  OUTBOUND-NB                     6         1.040        276.220      4.640           0.00          12.02
  TNT  3106  3110  OUTBOUND-CREDIT               686       443.046     11,880.380    223.780      -3,941.33           0.00
  TNT  3110  3106  INBOUND                       852       142.951     16,027.040    492.720         862.83           0.00
  TUR  2862  3106  INBOUND                        98         4.935        548.830     13.710          37.29           0.00
  VEN  7340  3106  INBOUND                       137        19.417      2,638.490     67.880         109.12           0.00
  VEN  7340  3106  INBOUND-NB                      1         0.659        187.530      2.690           0.00           4.19
  C&W-HONG KONG                                                                                                  PAGE    1
  RADIO AUSTRIA                                                                                                  PAGE    1
  DATA MANAGEMENT CO                                                                                             PAGE    1
  JAMAICA                                                                                                        PAGE    1
  TRINIDAD                                                                                                       PAGE    1
  BARBADOS                                                                                                       PAGE    1
  CAYMAN ISLANDS                                                                                                 PAGE    1
  PHILIPPINES GLOBAL COMM. INC.                                                                                  PAGE    1
  PHILIPPINES                                                                                                    PAGE    1
 p@'