  ARG  3106  7222  OUTBOUND-CREDIT                24         0.338         86.790      1.490         -10.98           0.00
  ARG  7222  3106  INBOUND                       186         5.737      1,299.170     31.570          74.62           0.00
  AUS  3106  5052  OUTBOUND                       12         0.149         37.290      0.680           0.83           0.00
  AUS  3106  5052  OUTBOUND-CREDIT               109         5.379      1,576.580     29.750        -105.39           0.00
  AUS  3106  5053  OUTBOUND                       30         2.432        238.100      5.060           7.50           0.00
  AUS  3106  5053  OUTBOUND-NB                     1         0.024          0.170      0.070           0.00           0.10
  AUS  3106  5053  OUTBOUND-CREDIT               107         1.730        568.610     18.240         -59.91           0.00
  AUS  5052  3106  INBOUND                      2434       247.024     40,392.470    875.590       1,122.62           0.00
  AUS  5053  3106  INBOUND                      1490       167.718     26,308.690    553.240         720.96           0.00
  AUS  5053  3106  INBOUND-NB                      1         0.230         49.720      1.430           0.00           1.66
  BHR  3106  4263  OUTBOUND-NB                   119         0.723         85.930      6.480           0.00          12.54
  BHR  3106  4263  OUTBOUND-CREDIT               247         4.517        613.410     11.170        -263.90           0.00
  BHR  4263  3106  INBOUND                      1356       154.002     17,691.040    458.440       2,596.33           0.00
  BHR  4263  3106  INBOUND-NB                    143        31.783      3,291.480     84.870           0.00         490.88
  BMU  3106  3503  OUTBOUND-NB                    24         0.167          0.140      2.120           0.00           0.35
  BMU  3106  3503  OUTBOUND-CREDIT                13         1.970        143.070      5.320         -54.74           0.00
  BMU  3503  3106  INBOUND                       854      2165.272      7,618.870    211.620       5,092.43           0.00
  BMU  3503  3106  INBOUND-NB                     20         9.334        683.020     17.060           0.00          86.97
  CHL  3106  7303  OUTBOUND-NB                     1         0.013          0.260      0.010           0.00           0.05
  CHL  3106  7305  OUTBOUND                      169        99.649      7,471.370    227.010         653.32           0.00
  CHL  7303  3106  INBOUND                        99         5.002        819.200     17.950          45.92           0.00
  CHN  4602  3106  INBOUND                        12         2.609        134.280      3.340          27.97           0.00
  CHN  4602  3106  INBOUND-TNIC                    3         0.373          0.570      0.020           1.20           0.00
  COL  3106  7322  OUTBOUND                        1         0.103         11.730      0.230           0.33           0.00
  COL  3106  7322  OUTBOUND-CREDIT                13         0.474         12.570      0.280          -2.29           0.00
  COL  3106  7322  OUTBOUND-TNIC                   1         0.001          0.080      0.000           0.00           0.00
  COL  7322  3106  INBOUND                       712       134.336     18,572.740    371.710         506.05           0.00
  COL  7322  3106  INBOUND-NB                      4         0.475        213.900      3.430           0.00           3.91
  COL  7322  3106  INBOUND-TNIC                   79         8.677      1,317.330     26.190          34.87           0.00
  CPS  3106  3132  OUTBOUND                        1         0.000          0.000      0.000           0.00           0.00
  DPC  3106  3020  OUTBOUND-CREDIT               345        91.538      6,238.260    127.570        -718.66           0.00
  DPC  3106  3025  OUTBOUND-CREDIT                 4         0.107          0.470      0.000          -0.31           0.00
  DPC  3106  3028  OUTBOUND-CREDIT                40         1.041        168.390      3.060         -14.21           0.00
  HKG  3106  4542  OUTBOUND                        1         0.013          3.930      0.060           0.14           0.00
  HKG  3106  4542  OUTBOUND-CREDIT                12         0.057         13.500      0.250          -1.62           0.00
  HKG  3106  4545  OUTBOUND-CREDIT                 1         0.005          1.740      0.030          -0.23           0.00
  HUN  2161  3106  INBOUND                         2         0.089         16.350      0.400           0.99           0.00
  HUN  2161  3106  INBOUND-TNIC                   15         2.695        177.270     10.470          26.33           0.00
  IND  3106  4042  OUTBOUND                       46         2.270         42.270      2.250           4.52           0.00
  IND  3106  4042  OUTBOUND-NB                     2         0.019          0.960      0.040           0.00           0.06
  IND  3106  4042  OUTBOUND-CREDIT               284         2.699        898.740     15.480         -54.54           0.00
  IND  3106  4042  OUTBOUND-CREDIT-TNIC            4         0.063         10.180      0.180          -0.74           0.00
  IND  4042  3106  INBOUND                      3550       605.244     48,300.150  1,369.870       1,975.12           0.00
  IND  4042  3106  INBOUND-NB                     23         3.159        200.340      3.810           0.00           6.97
  IRL  2724  3106  INBOUND                      2604       226.520     48,835.370    927.820       1,154.34           0.00
  IRL  3106  2724  OUTBOUND                       17         0.377         29.100      1.560           1.94           0.00
  IRL  3106  2724  OUTBOUND-CREDIT               299        45.276     32,084.320    500.830      -1,638.33           0.00
  IRL  3106  2724  OUTBOUND-TNIC                   1         0.084          0.090      0.000           0.08           0.00
  IRL  3106  2724  OUTBOUND-CREDIT-TNIC            1         0.084          0.090      0.000          -0.25           0.00
  ISR  3106  4251  OUTBOUND-NB                     1         0.014          0.100      0.030           0.00           0.07
  JPN  3106  4401  OUTBOUND                       32         0.645        143.640      2.600           4.79           0.00
  JPN  3106  4401  OUTBOUND-CREDIT               165        18.453      1,367.820     25.080        -192.63           0.00
  JPN  3106  4408  OUTBOUND                       56         2.540      2,206.840     49.750          77.12           0.00
  JPN  3106  4408  OUTBOUND-CREDIT               344        10.067      5,809.000     90.970        -447.08           0.00
  JPN  4410  3106  INBOUND                       271        36.360      4,759.990     90.860         187.65           0.00
  KOR  4500  3106  INBOUND                       606        87.803     12,667.520    265.920         353.73           0.00
  MAN  3106  5156  OUTBOUND-NB                    47         0.034          0.000      0.180           0.00           0.43
  MAN  3106  5156  OUTBOUND-CREDIT                 6         0.000          0.000      0.000           0.00           0.00
  MAN  5156  3106  INBOUND                        11         1.615        489.850     12.240          28.11           0.00
  MAN  5156  3106  INBOUND-NB                     72         2.074        138.410      3.420           0.00          11.51
  MCL  2350  3106  INBOUND                         5         0.035          0.210      0.000           0.03           0.00
  MCL  2351  3106  INBOUND                         2         0.493        123.950      3.490          12.88           0.00
  MCL  3106  2350  OUTBOUND-CREDIT                 1         0.000          0.110      0.000           0.00           0.00
  MNR  3106  5152  OUTBOUND                      265        15.163      1,869.330    140.010         252.14           0.00
  MNR  5152  3106  INBOUND                      1775        89.537      9,211.400    271.460         586.55           0.00
  MYS  3106  5021  OUTBOUND                       10         0.098         12.980      0.300           0.59           0.00
  MYS  3106  5021  OUTBOUND-NB                     1         0.014          0.140      0.030           0.00           0.07
  MYS  3106  5021  OUTBOUND-CREDIT                11         0.111         15.280      0.400          -2.34           0.00
  MYS  5021  3106  INBOUND                       632       147.444     18,255.460    409.800         835.85           0.00
  MYS  5021  3106  INBOUND-NB                      3         0.321         80.580      1.620           0.00           2.92
  NZL  3106  5301  OUTBOUND                       11         1.215        329.050      5.590           6.80           0.00
  NZL  3106  5301  OUTBOUND-CREDIT                40         2.074        418.700     14.270         -49.05           0.00
  PER  3106  7160  OUTBOUND-CREDIT               119       457.158     37,498.870    678.050     -17,490.75           0.00
  PER  7160  3106  INBOUND                      1574       299.525     39,350.760    837.610       5,667.60           0.00
  PER  7160  3106  INBOUND-NB                      1         0.545        127.050      2.330           0.00          17.24
  SEN  6081  3106  INBOUND-TNIC                   27         0.730         93.480      2.710           5.59           0.00
  SGP  3106  5252  OUTBOUND-CREDIT                54       267.664      5,582.320    265.600      -1,999.73           0.00
  SGP  3106  5252  OUTBOUND-CREDIT-TNIC            1         3.169         22.980      1.580         -17.83           0.00
  TAI  3106  4877  OUTBOUND                      109         1.336        531.990     13.450          29.13           0.00
  TAI  3106  4877  OUTBOUND-CREDIT                37         0.747        223.520      6.270         -41.49           0.00
  TAI  4877  3106  INBOUND                       426        20.060      4,089.740    121.600         279.04           0.00
  TCI  3106  3763  OUTBOUND-CREDIT                 6         0.000          0.000      0.000           0.00           0.00
  TCI  3763  3106  INBOUND-NB                    670         2.929         51.680      0.810           0.00          11.02
  TLX  3106  4873  OUTBOUND                        4        34.353        626.520     11.820          90.96           0.00
  TLX  3106  4873  OUTBOUND-NB                     1         0.006          0.250      0.000           0.00           0.02
  TLX  3106  4873  OUTBOUND-CREDIT                23         3.152        173.090      3.420         -38.87           0.00
  TLX  4873  3106  INBOUND                        36         4.916        745.660     22.620          54.25           0.00
  TNT  3106  3110  OUTBOUND                       27         7.770      1,551.050     50.880          71.37           0.00
  TNT  3106  3110  OUTBOUND-CREDIT                46         7.539        637.050     26.310        -114.03           0.00
  TNT  3106  3110  OUTBOUND-CREDIT-TNIC            4         0.027          6.520      0.140          -0.86           0.00
  TNT  3110  3106  INBOUND                         1         0.005          0.000      0.000           0.01           0.00
  TUN  6050  3106  INBOUND-TNIC                    9         0.389         40.410      0.830           0.00           0.00
  TUR  2863  3106  INBOUND                      2428       123.623     19,184.400    373.990         412.88           0.00
  TUR  2863  3106  INBOUND-NB                      1         0.071          6.060      0.130           0.00           0.17
  TUR  3106  2863  OUTBOUND-CREDIT               192         5.981      2,309.310     35.940        -104.36           0.00
  TYM  3106  0009  OUTBOUND-NB                     1         0.001          0.070      0.000           0.00           0.00
  TYM  3106  0009  OUTBOUND-CREDIT                 9         0.073          0.740      0.010           0.00           0.00
  URG  7482  3106  INBOUND                        18         1.280        128.090      3.380           8.62           0.00
  WUI  3104  3106  INBOUND                      4397       921.608     34,092.110    675.860       3,070.31           0.00
  WUI  3104  3106  INBOUND-NB                    554        58.869      3,054.500     76.150           0.00         227.67
  WUI  3106  3104  OUTBOUND                     5689      1615.084    164,187.440  3,427.190       9,140.64           0.00
  WUI  3106  3104  OUTBOUND-NB                   431         5.570         27.310     31.030           0.00          12.12
  WUI  3106  3104  OUTBOUND-CREDIT             12885       221.188     69,262.210  1,144.570      -8,806.63           0.00
  ZAF  3106  6550  OUTBOUND-CREDIT-TNIC            4         0.053          9.230      0.220          -1.64           0.00
  ARG  3106  7222  OUTBOUND-NB                     5         0.000          0.000      0.000           0.00           0.00
  ARG  3106  7222  OUTBOUND-CREDIT                 4         0.000          0.000      0.000           0.00           0.00
  ARG  7220  3106  INBOUND                       917       229.420     10,828.090    255.310       1,927.03           0.00
  ARG  7222  3106  INBOUND                        15         4.353        674.800     15.940          95.23           0.00
  ARG  7222  3106  INBOUND-NB                      3         1.721         43.790      1.090           0.00           9.77
  ATG  3106  3443  OUTBOUND-NB                    95         0.750          0.000      6.680           0.00           1.50
  ATG  3106  3443  OUTBOUND-CREDIT                10         0.001          0.000      0.000           0.00           0.00
  ATG  3443  3106  INBOUND                       208         9.513      1,510.360     38.770         139.84           0.00
  AUS  3106  5052  OUTBOUND-CREDIT                35         0.854        173.460      3.020         -11.63           0.00
  AUS  3106  5053  OUTBOUND-CREDIT                 5         0.012          3.420      0.060          -0.23           0.00
  AUS  5052  3106  INBOUND                       435        45.561      7,401.220    158.110         203.67           0.00
  AUS  5053  3106  INBOUND                       247        31.470      4,975.580    102.200         133.67           0.00
  BHR  3106  4263  OUTBOUND-NB                    96         0.463         68.690      4.840           0.00           9.74
  BHR  3106  4263  OUTBOUND-CREDIT                39         2.692        107.520      2.670         -60.51           0.00
  BHR  4263  3106  INBOUND                      1679       189.563     22,037.180    541.570       3,228.49           0.00
  BHR  4263  3106  INBOUND-NB                    125        33.946      5,149.270    130.720           0.00         728.52
  BHR  4263  3106  INBOUND-TNIC                   14         0.239         13.360      1.530           2.26           0.00
  BMU  3106  3503  OUTBOUND-CREDIT                10         2.705        249.030     10.470         -90.94           0.00
  BMU  3503  3106  INBOUND                        36         5.144        458.800     10.710          56.17           0.00
  BVI  3483  3106  INBOUND                         6         0.220          7.090      0.170           1.35           0.00
  BVI  3483  3106  INBOUND-NB                    281         1.248         25.730      0.540           0.00           6.00
  CHN  4602  3106  INBOUND                      1603       157.333     12,416.850    305.180       2,334.48           0.00
  COL  7322  3106  INBOUND                       731       122.938     11,458.000    241.500         717.92           0.00
  COL  7322  3106  INBOUND-NB                      5         0.445         54.310      1.050           0.00           2.95
  COL  7322  3106  INBOUND-TNIC                   69         8.906      1,300.330     25.810          68.39           0.00
  DAM  4150  3106  INBOUND-TNIC                    6         0.093          9.040      0.300           0.99           0.00
  DMR  3106  3700  OUTBOUND-NB                     5         0.000          0.000      0.030           0.00           0.00
  DMR  3106  3700  OUTBOUND-CREDIT                 7         0.001          0.000      0.000          -0.01           0.00
  DMR  3700  3106  INBOUND                       198        12.662      2,228.880     55.620         282.39           0.00
  DMR  3700  3106  INBOUND-NB                      7         0.583         32.230      0.800           0.00           5.08
  DOM  3101  3106  INBOUND                      1010        29.913      1,638.290     40.270         118.76           0.00
  DOM  3101  3106  INBOUND-NB                      3         0.370         29.980      0.570           0.00           1.81
  DOM  3106  3101  OUTBOUND-CREDIT                 6        18.971          0.570      0.010        -113.88           0.00
  DPC  3025  3106  INBOUND                         3         0.017          0.230      0.020           0.01           0.00
  DPC  3028  3106  INBOUND                       372        42.237      7,976.760    194.190         121.90           0.00
  DPC  3106  3020  OUTBOUND-CREDIT                84        21.607      1,391.610     31.120         -92.31           0.00
  EGY  6020  3106  INBOUND-TNIC                    8         5.111        489.840      9.980          59.20           0.00
  HKG  3106  4542  OUTBOUND-CREDIT                 1         0.013          3.920      0.060          -0.50           0.00
  HKG  4542  3106  INBOUND                      4520       416.161     77,013.080  1,521.670       3,979.53           0.00
  IDN  3106  5101  OUTBOUND-CREDIT                 2         0.035          3.480      0.070          -0.66           0.00
  IDN  5101  3106  INBOUND                      3250       414.701     30,294.230    942.020       2,713.45           0.00
  IDN  5101  3106  INBOUND-NB                     25         1.412        116.440      4.490           0.00          11.81
  IND  4042  3106  INBOUND-TNIC                   21         1.977        353.650     10.620          12.60           0.00
  IRL  3106  2724  OUTBOUND-CREDIT-TNIC            1         0.106         10.720      0.180          -0.88           0.00
  ISR  4251  3106 UND                      5049       305.645     48,993.970  1,233.050       3,077.39           0.00
  ITT  3103  3106  INBOUND                        41         0.605          8.780      0.260           1.52           0.00
  ITT  3106  3103  OUTBOUND                        8         0.025          0.710      0.000           0.07           0.00
  ITT  3106  3103  OUTBOUND-NB                     8         0.041          0.770      0.080           0.00           0.11
  ITT  3106  3103  OUTBOUND-CREDIT              4926         4.518      5,473.770     60.740        -617.90           0.00
  ITT  3106  3107  OUTBOUND-NB                    69         1.334          0.000      7.660           0.00           2.66
  ITT  3106  3107  OUTBOUND-CREDIT                41         0.007          0.280      0.020          -0.07           0.00
  JAM  3380  3106  INBOUND                      2975       488.407     35,820.900    797.890       1,446.95           0.00
  JPN  3106  4401  OUTBOUND-CREDIT               136         7.901        957.220     20.610        -126.19           0.00
  JPN  3106  4408  OUTBOUND-CREDIT                14         0.967        746.020     11.340         -54.45           0.00
  JPN  4401  3106  INBOUND                       234        16.979      1,787.720     63.200         118.25           0.00
  JPN  4408  3106  INBOUND                      2307       283.296     36,785.880    743.790       1,514.85           0.00
  MAC  4550  3106  INBOUND-TNIC                    3         0.223          8.030      0.160           0.00           0.00
  MCL  3106  2350  OUTBOUND-CREDIT                 8         0.045          1.030      0.080          -0.32           0.00
  MNI  3106  5154  OUTBOUND-NB                    54         0.288          0.100      4.020           0.00           0.88
  MNI  3106  5154  OUTBOUND-CREDIT                44         0.320          4.370      0.110          -4.85           0.00
  MNI  5154  3106  INBOUND                      2207       172.922     47,558.590  1,169.800       7,652.50           0.00
  MNI  5154  3106  INBOUND-NB                    165        24.684      3,886.250     95.890           0.00         656.98
  MYS  3106  5021  OUTBOUND-CREDIT                 2         0.024          4.650      0.110          -0.61           0.00
  NAN  3620  3106  INBOUND-NB                      3         0.188         20.510      0.430           0.00           2.42
  NYX  3106  3144  OUTBOUND-CREDIT                 3         0.050          0.300      0.000          -0.33           0.00
  NZL  3106  5301  OUTBOUND-CREDIT                 8         1.060        406.570      9.710         -32.32           0.00
  NZL  5301  3106  INBOUND                      3682       368.854     57,495.570  1,267.430       1,636.28           0.00
  PRI  3106  3300  OUTBOUND-NB                    75        17.367        119.790      3.660           0.00          56.89
  PRI  3106  3300  OUTBOUND-CREDIT                30         0.038          2.520      0.390          -1.14           0.00
  PRI  3300  3106  INBOUND                       114         5.221        760.390     19.810          98.59           0.00
  QAT  4271  3106  INBOUND                        75        15.988      1,205.740     29.610          95.20           0.00
  RCA  3136  3106  INBOUND                         3         0.083          3.190      0.120           0.28           0.00
  SEN  6081  3106  INBOUND-TNIC                   69         2.484        418.370     10.360          25.68           0.00
  SGP  3106  5252  OUTBOUND-CREDIT                 3         0.029         16.970      0.280          -1.19           0.00
  SGP  5252  3106  INBOUND                        15         0.165         29.610      0.600           0.95           0.00
  TAI  3106  4877  OUTBOUND-CREDIT                25         0.494        184.390      4.850         -87.42           0.00
  TAI  4877  3106  INBOUND                      2361       251.761     59,623.110  1,149.880       9,698.69           0.00
  TCI  3106  3763  OUTBOUND-CREDIT                 3         0.000          0.000      0.000           0.00           0.00
  TCI  3763  3106  INBOUND-NB                    116         0.484          8.850      0.140           0.00           0.73
  TLX  3106  4872  OUTBOUND-CREDIT               112        34.831      2,997.150     55.170      -1,662.20           0.00
  TLX  3106  4873  OUTBOUND-CREDIT                30         4.065        732.810     12.700        -366.35           0.00
  TLX  4872  3106  INBOUND                      1670       186.313     16,359.370    364.450       3,012.80           0.00
  TLX  4873  3106  INBOUND                      2152       268.087     51,551.830  1,153.450       8,536.98           0.00
  TUN  6050  3106  INBOUND-TNIC                    5         0.197         16.750      0.370           0.00           0.00
  TYM  3106  0009  OUTBOUND-CREDIT                11         0.108          0.920      0.010          -0.37           0.00
  URG  7482  3106  INBOUND                       757       147.244     29,310.300    641.320       1,553.44           0.00
  URG  7482  3106  INBOUND-NB                     10         0.785        210.260      3.900           0.00           9.24
  WUI  3106  3104  OUTBOUND-CREDIT                 1         0.021          0.350      0.010          -0.16           0.00
  ZAF  3106  6550  OUTBOUND-CREDIT                19         2.514        407.050      9.820         -72.92           0.00
  ZAF  6550  3106  INBOUND                      2628       369.002     31,219.210    787.910       2,279.00           0.00
  ZAF  6550  3106  INBOUND-NB                      2         0.040          5.410      0.140           0.00           0.36
  AUS  3106  5052  OUTBOUND-CREDIT                38         1.566        262.820      4.680         -18.76           0.00
  AUS  3106  5053  OUTBOUND-CREDIT                 5         0.012          3.150      0.060          -0.21           0.00
  BHR  3106  4263  OUTBOUND-NB                    23         0.106         24.260      1.080           0.00           3.29
  BHR  3106  4263  OUTBOUND-CREDIT               252         3.820        606.180     10.430        -255.96           0.00
  BHR  4263  3106  INBOUND                        79         3.627        535.550      9.190          76.01           0.00
  BMU  3106  3503  OUTBOUND-CREDIT                 5         0.044         58.120      0.950         -17.70           0.00
  BMU  3503  3106  INBOUND                         9         1.064        188.700      3.890          20.99           0.00
  CHL  3106  7305  OUTBOUND-NB                     3         0.023          0.730      0.040           0.00           0.14
  CHL  3106  7305  OUTBOUND-CREDIT                81         1.440        279.550      6.020        -115.63           0.00
  CHL  7305  3106  INBOUND                        11         1.083        121.040      4.150          17.84           0.00
  DPC  3106  3020  OUTBOUND-CREDIT                40         9.102        524.320     12.380         -36.70           0.00
  DPC  3106  3028  OUTBOUND-CREDIT                33         0.530         67.170      1.360          -3.42           0.00
  HKG  3106  4542  OUTBOUND-CREDIT                25         0.188         23.650      0.680          -5.37           0.00
  HKG  3106  4545  OUTBOUND-CREDIT                 2         0.016          3.210      0.070          -0.58           0.00
  HKG  4542  3106  INBOUND                      3128       281.443     51,240.950  1,056.040       2,745.22           0.00
  HKG  4544  3106  INBOUND                         4         0.029          0.210      0.000           0.07           0.00
  HKG  4545  3106  INBOUND                        30         4.282        749.250     14.950          39.55           0.00
  HKG  4545  3106  INBOUND-NB                      1         0.019          5.000      0.120           0.00           0.30
  ITT  3106  3103  OUTBOUND                        3         0.060          7.140      0.220           0.37           0.00
  JPN  3106  4401  OUTBOUND-CREDIT               193        15.341      1,930.010     45.120        -267.52           0.00
  JPN  3106  4407  OUTBOUND-CREDIT                30         0.023          1.710      0.030          -0.23           0.00
  JPN  3106  4408  OUTBOUND-CREDIT               335         4.385      2,308.960     37.740        -186.41           0.00
  JPN  4401  3106  INBOUND                       275        22.726      2,403.050     76.560         146.43           0.00
  JPN  4408  3106  INBOUND                      5015       566.681     70,253.280  1,506.490       3,057.67           0.00
  JPN  4408  3106  INBOUND-NB                      1         0.015          1.020      0.050           0.00           0.10
  KOR  3106  4501  OUTBOUND-CREDIT                 1         0.003          0.070      0.000          -0.01           0.00
  KOR  4501  3106  INBOUND                         6         0.806         77.930      3.240           4.05           0.00
  MAN  3106  5156  OUTBOUND-NB                     1         0.029          0.110      0.020           0.00           0.12
  MAN  5156  3106  INBOUND                      1530       130.396     22,504.350    489.750       1,272.83           0.00
  MNR  3106  5152  OUTBOUND-NB                   185         2.256          3.230     12.220           0.00          23.53
  MNR  3106  5152  OUTBOUND-CREDIT               177         1.962         46.320     71.490        -358.08           0.00
  MNR  5152  3106  INBOUND                      4092       564.058     34,526.910    769.930       2,167.56           0.00
  MNR  5152  3106  INBOUND-NB                     66        16.160      5,550.930    138.350           0.00         251.09
  MYS  3106  5021  OUTBOUND-CREDIT                10         0.141         18.470      0.440          -2.65           0.00
  NAN  3106  3620  OUTBOUND-NB                    49         0.290          0.000      2.460           0.00           0.72
  NAN  3106  3620  OUTBOUND-CREDIT                 9         0.001          0.000      0.000          -0.01           0.00
  NAN  3620  3106  INBOUND                       242      6741.984      4,478.350    109.410      17,358.76           0.00
  NAN  3620  3106  INBOUND-NB                      4         1.360        269.230      5.020           0.00          33.69
  NZL  3106  5301  OUTBOUND-NB                     1         0.019          0.090      0.010           0.00           0.03
  NZL  3106  5301  OUTBOUND-CREDIT                 4         0.447         31.330      1.100          -4.64           0.00
  PHP  5151  3106  INBOUND-TNIC                    6         0.847         36.290      0.960           3.84           0.00
  RCA  3106  3113  OUTBOUND-NB                   126         1.263          2.980      8.510           0.00           2.63
  RCA  3106  3113  OUTBOUND-CREDIT                51         0.028          0.640      0.050          -0.23           0.00
  RCA  3106  3136  OUTBOUND-CREDIT                 3         0.014          0.760      0.050          -0.16           0.00
  RCA  3113  3106  INBOUND                        35         0.736         48.980      1.250           3.23           0.00
  SAU  3106  4201  OUTBOUND-CREDIT                30         0.835         85.250      1.680         -45.88           0.00
  SAU  4201  3106  INBOUND                       556        60.657     13,914.250    247.310       2,269.09           0.00
  SAU  4201  3106  INBOUND-NB                      7         0.397        149.200      2.860           0.00          23.57
  SGP  3106  5252  OUTBOUND-CREDIT                 5         0.055         33.180      0.600          -2.48           0.00
  SGP  5252  3106  INBOUND                      6299       893.623     85,650.750  2,130.220       3,779.57           0.00
  SGP  5252  3106  INBOUND-NB                      2         0.182          9.760      0.390           0.00           0.72
  TAI  3106  4877  OUTBOUND-CREDIT                26         0.602        381.790      7.740        -177.22           0.00
  TAI  4877  3106  INBOUND                      1016        95.568     20,423.760    702.340       3,350.24           0.00
  TCI  3106  3763  OUTBOUND-CREDIT                 1         0.000          0.000      0.000           0.00           0.00
  TCI  3763  3106  INBOUND-NB                    116         0.477          8.900      0.140           0.00           0.73
  THA  5201  3106  INBOUND                      3799       500.784     69,664.290  1,523.370       6,574.55           0.00
  THA  5201  3106  INBOUND-NB                     16         1.257        174.950      4.240           0.00          16.51
  THA  5201  3106  INBOUND-TNIC                    9         2.653        547.190     10.910          49.08           0.00
  TLX  3106  4873  OUTBOUND-CREDIT                24        34.824        686.190     13.040        -622.21           0.00
  TLX  4872  3106  INBOUND                         1         0.036          2.250      0.100           0.44           0.00
  TNT  3106  3110  OUTBOUND-CREDIT                52         6.277        522.480     23.520         -94.08           0.00
  TYM  0009  3106  INBOUND                         1         0.002          0.000      0.000           0.00           0.00
  TYM  3106  0009  OUTBOUND-NB                     1         0.002          0.060      0.000           0.00           0.00
  TYM  3106  0009  OUTBOUND-CREDIT                 7         0.048          0.840      0.010           0.00           0.00
  WUI  3104  3106  INBOUND                      1005       256.011     24,114.680    390.590       1,380.10           0.00
  ZAF  3106  6550  OUTBOUND-CREDIT-TNIC           24        12.240      1,540.050     37.720        -295.28           0.00
  ANG  6315  3106  INBOUND                        94         5.544        283.940     10.430          25.96           0.00
  ARG  7222  3106  INBOUND                      5915       756.695    100,597.520  2,265.370       6,044.13           0.00
  ARG  7222  3106  INBOUND-NB                      8         1.260        242.210      3.920           0.00          10.37
  AUS  3106  5052  OUTBOUND-CREDIT                58         1.902        429.040      7.300         -27.61           0.00
  AUS  3106  5053  OUTBOUND-CREDIT                 6         0.068         33.550      0.520          -1.76           0.00
  AUS  5052  3106  INBOUND                       603        60.824      9,432.710    205.420         266.24           0.00
  AUS  5053  3106  INBOUND                       420        50.008      7,185.890    146.610         196.62           0.00
  BHR  3106  4263  OUTBOUND-NB                    12         0.025          4.050      0.240           0.00           0.57
  BHR  3106  4263  OUTBOUND-CREDIT                26         0.142          3.830      0.080          -2.50           0.00
  BHR  4263  3106  INBOUND                      1359       150.405     19,534.370    500.780       2,817.76           0.00
  BHR  4263  3106  INBOUND-NB                    147        15.988      3,395.740     86.870           0.00         464.43
  BHS  3640  3106  INBOUND                       636       533.526     17,094.600    426.360       2,776.51           0.00
  BHS  3640  3106  INBOUND-NB                   4965        59.351      1,367.570     35.000           0.00         255.46
  BMU  3106  3503  OUTBOUND-NB                    20         0.128          0.000      1.720           0.00           0.25
  BMU  3106  3503  OUTBOUND-CREDIT                23        85.085      1,413.910     32.270        -934.68           0.00
  BMU  3503  3106  INBOUND                       104         7.012      1,135.950     31.990         127.62           0.00
  BRB  3423  3106  INBOUND                        13         0.549         12.810      2.360           2.37           0.00
  CAM  6242  3106  INBOUND                        29         2.053        581.910      9.550          18.86           0.00
  CAM  6242  3106  INBOUND-TNIC                    9         0.297         11.360      1.130           2.32           0.00
  CAY  3463  3106  INBOUND                        59        15.444      3,612.180     57.820         392.10           0.00
  CHD  6222  3106  INBOUND                        17         0.570         41.470      0.880           2.37           0.00
  COL  7322  3106  INBOUND                       838       141.746     18,750.990    387.910         529.66           0.00
  COL  7322  3106  INBOUND-TNIC                   85         7.716      1,403.730     26.640          34.35           0.00
  CRI  7129  3106  INBOUND                        36         2.495        208.400      5.760           9.29           0.00
  CSC  3106  3137  OUTBOUND-CREDIT                13         0.522         32.680      0.760          -6.66           0.00
  DPC  3106  3028  OUTBOUND-CREDIT               164         1.174        354.770      6.010         -25.61           0.00
  EGY  6020  3106  INBOUND                      1278       273.407     31,217.610    644.570       3,668.57           0.00
  EGY  6020  3106  INBOUND-NB                      1         0.036          7.290      0.170           0.00           0.80
  FTC  3124  3106  INBOUND                       105       716.226     12,019.870    324.000       1,865.16           0.00
  GTM  7044  3106  INBOUND                       268         9.981        646.120     16.020          84.57           0.00
  GTM  7044  3106  INBOUND-NB                     37         2.400        343.960      8.580           0.00          39.19
  HKG  3106  4545  OUTBOUND-CREDIT                 1         0.004          1.300      0.030          -0.18           0.00
  HUN  2161  3106  INBOUND                        61         3.785        370.000      9.020          25.62           0.00
  HUN  2161  3106  INBOUND-TNIC                  358        24.118      3,895.030     84.120         216.49           0.00
  IND  3106  4042  OUTBOUND-NB                     1         0.009          0.420      0.010           0.00           0.02
  IND  4042  3106  INBOUND                         2         0.275         36.760      1.290           1.56           0.00
  IRL  3106  2724  OUTBOUND-CREDIT                 2         0.198         15.560      0.280          -1.44           0.00
  IRL  3106  2724  OUTBOUND-CREDIT-TNIC            2         0.262          7.760      0.140          -1.20           0.00
  JAM  3106  3380  OUTBOUND-NB                   135         1.040          0.000      6.340           0.00           2.08
  JAM  3106  3380  OUTBOUND-CREDIT                18         0.003          0.000      0.000          -0.02           0.00
  JAM  3380  3106  INBOUND                       874       208.469     15,616.100    388.050       1,978.54           0.00
  JAM  3380  3106  INBOUND-NB                   6272        47.978      3,403.760     82.000           0.00         436.33
  JPN  3106  4401  OUTBOUND-CREDIT               311        27.206      3,478.040     65.270        -409.21           0.00
  JPN  3106  4408  OUTBOUND-CREDIT                31         2.687      1,985.290     30.270        -145.85           0.00
  JPN  4401  3106  INBOUND                        12         5.819        555.050     12.140          26.50           0.00
  JPN  4408  3106  INBOUND                      1000       104.361     34,337.120    693.100       1,176.21           0.00
  JPN  4408  3106  INBOUND-NB                      1         0.006          1.960      0.070           0.00           0.11
  MCL  2350  3106  INBOUND                       772       126.508     29,351.360    495.760         516.45           0.00
  MCL  2350  3106  INBOUND-NB                     23         0.166          4.580      0.770           0.00           0.78
  MCL  2351  3106  INBOUND                       778       129.122     20,307.860    693.660       2,159.90           0.00
  MYS  3106  5021  OUTBOUND-CREDIT                19         0.378         57.400      1.170          -6.96           0.00
  NAN  3620  3106  INBOUND                      1119      7306.823      5,598.400    139.320      15,173.48           0.00
  NZL  3106  5301  OUTBOUND-CREDIT                19         4.310        416.170     15.880         -60.57           0.00
  PAN  3106  7141  OUTBOUND-NB                    99         0.492          0.000      4.650           0.00           0.96
  PAN  3106  7141  OUTBOUND-CREDIT               276        37.877      1,304.080     32.700        -615.05           0.00
  PAN  7141  3106  INBOUND                      4548       717.733     40,349.680    844.960       5,448.68           0.00
  PAN  7141  3106  INBOUND-NB                     12        11.944      8,532.250    213.380           0.00         876.75
  PAN  7142  3106  INBOUND                       266        59.154      6,025.280    150.500         720.83           0.00
  PHP  5151  3106  INBOUND                       786        61.992      6,863.590    166.630         472.72           0.00
  PHP  5151  3106  INBOUND-TNIC                    5         1.093         77.550      1.660           5.79           0.00
  RCA  3106  3136  OUTBOUND-CREDIT                47         2.968        386.660      8.560         -59.56           0.00
  SEN  6081  3106  INBOUND-TNIC                   90         5.183      1,015.940     22.870          45.59           0.00
  SGP  3106  5252  OUTBOUND-CREDIT               256       260.935     15,110.600    576.150      -3,139.09           0.00
  SGP  5252  3106  INBOUND                      6244       851.859     83,182.970  1,960.560       3,515.29           0.00
  SGP  5252  3106  INBOUND-NB                      1         0.318         63.630      2.050           0.00           2.97
  TAI  3106  4877  OUTBOUND-CREDIT                37         0.751        284.480      7.330        -134.77           0.00
  TCI  3763  3106  INBOUND-NB                    115         0.471          8.750      0.140           0.00           0.00
  THA  5201  3106  INBOUND                         3         0.082          5.830      0.200           0.57           0.00
  THA  5201  3106  INBOUND-TNIC                   14         1.663        277.550      5.470          14.27           0.00
  TLX  3106  4873  OUTBOUND-CREDIT                45        25.148        502.590      9.460        -452.50           0.00
  TLX  3106  8010  OUTBOUND                      948        16.521        936.380     23.060          66.70           0.00
  TLX  3106  8020  OUTBOUND                       89         1.241         89.360      2.030           5.69           0.00
  TLX  3106  8030  OUTBOUND                       49         0.548         23.320      0.670           1.93           0.00
  TLX  3106  8231  OUTBOUND                     2316        60.252      2,316.790     82.290         203.79           0.00
  TLX  3106  8231  OUTBOUND-NB                     2         0.193          5.520      0.130           0.00           0.58
  TNT  3106  3110  OUTBOUND-NB                     2         0.004          0.120      0.000           0.00           0.01
  TNT  3106  3110  OUTBOUND-CREDIT                40         5.424        469.910     20.550         -83.29           0.00
  TRT  3106  3119  OUTBOUND                     1168        16.110      5,917.680    167.180         245.19           0.00
  TRT  3106  3119  OUTBOUND-NB                    86        10.003          3.980     11.160           0.00          20.14
  TRT  3106  3119  OUTBOUND-CREDIT               683        51.422     11,080.610    273.670      -1,505.18           0.00
  TRT  3119  3106  INBOUND                       141        19.235     11,123.340    230.680         438.90           0.00
  TRT  3119  3106  INBOUND-NB                      6         0.726        266.520      4.610           0.00          11.04
  TTO  3106  3740  OUTBOUND-NB                    52         0.199          0.000      1.520           0.00           3.43
  TTO  3106  3740  OUTBOUND-CREDIT                99         3.735        509.930     37.080        -244.91           0.00
  TTO  3740  3106  INBOUND                       394       364.531        641.460     36.050         801.17           0.00
  TTO  3740  3106  INBOUND-NB                     25         4.893        643.510     16.070           0.00          41.94
  TTO  3745  3106  INBOUND                       494        54.496      4,731.620    191.350         491.69           0.00
  TUN  6050  3106  INBOUND                        20         0.668         55.780      1.280           0.00           0.00
  TYM  3106  0009  OUTBOUND-CREDIT                14         0.082          6.080      0.140           0.00           0.00
  BHR  4263  3106  INBOUND                        17         0.799         99.930      1.740          14.48           0.00
  BHR  4263  3106  INBOUND-TNIC                    1         0.011          0.210      0.000           0.05           0.00
  BMU  3503  3106  INBOUND                       747        70.852     10,127.240    268.950       1,154.42           0.00
  BMU  3503  3106  INBOUND-NB                     17         2.256         96.450      2.400           0.00          14.15
  BRB  3106  3423  OUTBOUND-NB                   239         2.013        287.550     14.470           0.00          32.78
  BRB  3106  3423  OUTBOUND-CREDIT               104       164.457      4,658.690    111.930      -2,384.35           0.00
  BRB  3423  3106  INBOUND                       585      1108.816      9,615.170    234.910       3,179.15           0.00
  BRB  3423  3106  INBOUND-NB                     55         7.005        690.800     17.240           0.00          83.09
  CAY  3106  3463  OUTBOUND-NB                    97         1.226          0.000      5.930           0.00           2.45
  CAY  3106  3463  OUTBOUND-CREDIT                27         0.005          0.000      0.000          -0.03           0.00
  CAY  3463  3106  INBOUND                      1134       118.971      9,567.020    238.640       1,194.64           0.00
  CAY  3463  3106  INBOUND-NB                   1034      1750.195      5,979.290    149.000           0.00       4,098.32
  COL  7322  3106  INBOUND-TNIC                   42         5.514      1,013.110     18.470          47.24           0.00
  JPN  4401  3106  INBOUND                       366        19.174      1,551.870     62.270         120.12           0.00
  JPN  4408  3106  INBOUND                      1496       207.450     16,800.220    376.960         861.93           0.00
  MCL  2350  3106  INBOUND                        25         0.700         55.560      1.390           1.73           0.00
  MCL  2351  3106  INBOUND                       154        16.896      1,711.110     43.260         188.00           0.00
  SGP  3106  5252  OUTBOUND-CREDIT                89         7.148      1,331.240     25.920        -124.03           0.00
  TCI  3763  3106  INBOUND-NB                    699         2.847         49.260      0.780           0.00           4.22
  TRT  3106  3119  OUTBOUND                      114         8.494        518.910     24.670          35.66           0.00
  TYM  0009  3106  INBOUND                         8         0.069          0.770      0.030           0.00           0.00
  TYM  0009  3106  INBOUND-NB                      1         0.000          0.020      0.050           0.00           0.00
  BT NORTH AMERICA                                                                                               PAGE    1
  TYMNET                                                                                                         PAGE    1
  AUS  5052  3106  INBOUND                        95        11.828      1,549.580     33.490          45.32           0.00
  AUS  5053  3106  INBOUND                        60         5.029        687.570     15.140          20.16           0.00
  BHR  4263  3106  INBOUND                        79         4.506        859.480     19.860         118.69           0.00
  BRB  3423  3106  INBOUND                         1         0.013          0.660      0.030           0.10           0.00
  CHL  7302  3106  INBOUND                      1260       210.912     19,078.110    508.340       1,438.51           0.00
  CHL  7303  3106  INBOUND                        16         4.656        453.260      9.330          27.98           0.00
  CHL  7305  3106  INBOUND                       568        47.151      6,522.270    145.040         384.40           0.00
  DMR  3701  3106  INBOUND                      1485       133.782      7,327.410    189.370       1,158.72           0.00
  HKG  4542  3106  INBOUND                         1         0.186         32.220      0.660           1.74           0.00
  ISR  4251  3106  INBOUND                      2650       164.002     25,900.030    660.430       1,624.01           0.00
  JPN  4400  3106  INBOUND                       477        51.951     13,994.320  1,165.690       3,704.88           0.00
  KEN  6390  3106  INBOUND                        15         0.886        245.180      4.230           8.31           0.00
  MYS  5021  3106  INBOUND                       648       159.624     21,616.470    476.830         954.67           0.00
  MYS  5021  3106  INBOUND-NB                      2         0.102         38.730      0.590           0.00           1.04
  PAN  7142  3106  INBOUND                       132       111.395     14,144.030    289.070         800.94           0.00
  TNT  3106  3110  OUTBOUND-NB                     4         0.318          1.110      0.010           0.00           0.67
  TNT  3106  3110  OUTBOUND-CREDIT               714        36.630      5,011.440    107.060        -760.97           0.00
  TNT  3110  3106  INBOUND                      2761       323.717     42,825.970    951.660       2,189.02           0.00
  TUR  2862  3106  INBOUND                       251        25.766      1,991.320     48.230         148.00           0.00
  VEN  7342  3106  INBOUND                         2         0.260         21.420      0.990           1.25           0.00
  C&W-HONG KONG                                                                                                  PAGE    1
  C&W-HONG KONG                                                                                                  PAGE    1
  AUS  3106  5052  OUTBOUND-CREDIT                22         0.844        146.960      2.540         -10.16           0.00
  BHR  3106  4263  OUTBOUND-CREDIT               199         2.452        296.050      5.440        -129.41           0.00
  BHR  4263  3106  INBOUND                        44         1.532        215.250      5.780          30.73           0.00
  CHN  3106  4602  OUTBOUND-CREDIT                 7         0.120          0.450      0.000           0.00           0.00
  CHN  3106  4602  OUTBOUND-CREDIT-TNIC          950        50.454      4,389.580    100.720           0.00           0.00
  CYP  2802  3106  INBOUND                       271        10.989        707.600     30.190           0.00           0.00
  CYP  2802  3106  INBOUND-TNIC                    1         0.005          0.190      0.000           0.00           0.00
  DPC  3106  3028  OUTBOUND-CREDIT                37         0.719         60.550      1.350          -3.57           0.00
  HKG  3106  4542  OUTBOUND-CREDIT                11         0.038          7.200      0.130          -1.07           0.00
  IDN  3106  5101  OUTBOUND-CREDIT                70         1.058          4.110      0.070          -6.76           0.00
  IDN  3106  5101  OUTBOUND-CREDIT-TNIC         4286       198.038      9,976.620    219.810      -2,507.11           0.00
  IRL  2724  3106  INBOUND                        30         3.667        483.380     10.480          14.15           0.00
  IRL  2724  3106  INBOUND-TNIC                   55         2.625        597.600     10.770          13.40           0.00
  IRL  3106  2724  OUTBOUND-CREDIT-TNIC          457       470.286     20,403.050    516.050      -2,959.02           0.00
  ISR  3106  4251  OUTBOUND-CREDIT               135         0.632          8.560      0.130          -4.60           0.00
  ISR  3106  4251  OUTBOUND-CREDIT-TNIC         3201        26.104      5,469.460     93.510        -717.70           0.00
  ISR  4251  3106  INBOUND                       332        41.155      3,468.230     90.420         263.15           0.00
  ISR  4251  3106  INBOUND-TNIC                 4978       248.771     50,923.990  1,295.950       3,089.45           0.00
  JPN  3106  4401  OUTBOUND-CREDIT               120         8.313        629.700     12.010         -89.95           0.00
  JPN  3106  4401  OUTBOUND-CREDIT-TNIC           59        77.858      8,081.270    174.400      -1,116.24           0.00
  JPN  3106  4408  OUTBOUND-CREDIT               324         5.895        428.040     16.920        -100.94           0.00
  JPN  3106  4408  OUTBOUND-CREDIT-TNIC            4         0.867         92.950      1.550         -10.70           0.00
  JPN  3106  4411  OUTBOUND-CREDIT-TNIC           44        16.177      2,243.670     46.650        -278.04           0.00
  JPN  4411  3106  INBOUND                       133         9.588      2,266.500     62.320         106.06           0.00
  JPN  4411  3106  INBOUND-TNIC                 2165       213.966     28,796.910    657.040       1,284.64           0.00
  KEN  6390  3106  INBOUND                        25         0.224          1.650      0.020           0.40           0.00
  KEN  6390  3106  INBOUND-TNIC                  366        16.607      3,116.820     62.010         127.74           0.00
  KOR  3106  4501  OUTBOUND-NB                     1         0.009          0.120      0.000           0.00           0.01
  MCL  2352  3106  INBOUND-TNIC                   62         0.240         25.350      0.800           2.77           0.00
  MCL  3106  2350  OUTBOUND-CREDIT-TNIC          558         5.753      2,909.980     51.860        -143.42           0.00
  MCL  3106  2351  OUTBOUND-CREDIT-TNIC          142        83.072      4,422.320    131.460      -1,575.91           0.00
  MCL  3106  2352  OUTBOUND-CREDIT                 1         0.015          0.050      0.000          -0.06           0.00
  MCL  3106  2352  OUTBOUND-CREDIT-TNIC          172        22.030      1,246.320     57.450        -439.98           0.00
  MYS  3106  5021  OUTBOUND-CREDIT                 6         0.115         20.150      0.430          -2.49           0.00
  PHP  3106  5151  OUTBOUND-CREDIT               100         0.401          7.010      0.100          -3.30           0.00
  PHP  3106  5151  OUTBOUND-CREDIT-TNIC          477        18.715      9,628.540    160.020      -1,086.45           0.00
  SAU  4201  3106  INBOUND                        58        13.970      1,573.740     40.720         277.97           0.00
  SAU  4201  3106  INBOUND-NB                      4         0.339          9.640      0.340           0.00           2.46
  SAU  4201  3106  INBOUND-TNIC                 1102        74.449     19,289.290    338.700       3,116.71           0.00
  SGP  3106  5252  OUTBOUND-CREDIT              1330         5.770         92.660      1.520         -27.33           0.00
  SGP  3106  5252  OUTBOUND-CREDIT-TNIC         6635       638.686     72,846.510  1,802.800      -9,155.34           0.00
  TAI  3106  4877  OUTBOUND-CREDIT                 7         0.145         31.970      0.780         -15.70           0.00
  TLX  3106  4873  OUTBOUND-CREDIT                23         0.992         79.950      1.830          -9.54           0.00
  TYM  3106  0009  OUTBOUND-CREDIT                 5         0.093          0.910      0.010           0.00           0.00
  UAE  3106  4243  OUTBOUND-CREDIT                 1         0.008          0.050      0.000          -0.07           0.00
  UAE  3106  4243  OUTBOUND-CREDIT-TNIC          162         4.074        818.630     14.800        -392.83           0.00
  UAE  4243  3106  INBOUND                      1822       176.631     26,709.440    600.800       4,359.63           0.00
  UAE  4243  3106  INBOUND-TNIC                 1394       353.637     20,415.080    419.220       3,769.50           0.00
  ZAF  3106  6550  OUTBOUND-CREDIT-TNIC          321        32.870     23,293.770    373.040      -2,398.95           0.00
  ZAF  6550  3106  INBOUND                        50         6.693        858.220     22.660          57.83           0.00
  ZAF  6550  3106  INBOUND-TNIC                  121         7.728        974.360     26.860          68.14           0.00
  ZIM  6482  3106  INBOUND                         4         0.032          0.260      0.000           0.00           0.00
  ZIM  6482  3106  INBOUND-TNIC                  108        11.084        887.990     18.750           0.00           0.00
  DATA MANAGEMENT CO                                                                                             PAGE    1
  JAMAICA                                                                                                        PAGE    1
  TRINIDAD                                                                                                       PAGE    1
  BARBADOS                                                                                                       PAGE    1
  CAYMAN ISLANDS                                                                                                 PAGE    1
  PHILIPPINES GLOBAL COMM. INC.                                                                                  PAGE    1
  PHILIPPINES                                                                                                    PAGE    1
  COSTA RICA                                                                                                     PAGE    1
  COSTA RICA                                                                                                     PAGE    1
   (ft