  ARG  3106  7222  OUTBOUND-CREDIT               121       297.872      1,648.560     40.210      -2,028.55           0.00
  ARG  3106  7222  OUTBOUND-CREDIT-TNIC            7        16.147         14.680      0.630        -100.72           0.00
  ARG  7222  3106  INBOUND                      6393       656.328    101,871.820  2,182.910       5,678.48           0.00
  ARG  7222  3106  INBOUND-NB                      4         0.403        118.620      2.000           0.00           4.82
  AUS  3106  5052  OUTBOUND-CREDIT                 1         0.022          1.300      0.030          -0.16           0.00
  AUS  3106  5053  OUTBOUND                        7         0.943         49.880      1.120           2.06           0.00
  AUS  3106  5053  OUTBOUND-CREDIT                 3         0.008          1.870      0.030          -0.13           0.00
  AUS  5052  3106  INBOUND                      2026       160.923     28,149.160    620.050         780.97           0.00
  AUS  5053  3106  INBOUND                      1132        88.641     22,716.640    443.320         531.96           0.00
  AUS  5053  3106  INBOUND-NB                     15         0.198         33.750      1.170           0.00           1.36
  BHR  3106  4263  OUTBOUND-NB                   136         0.612         23.120      6.940           0.00           4.41
  BHR  3106  4263  OUTBOUND-CREDIT                30         1.313         89.110     19.120         -43.26           0.00
  BHR  4263  3106  INBOUND                      2394       332.236     31,389.030    828.680       4,754.12           0.00
  BHR  4263  3106  INBOUND-NB                    691        18.249      1,395.740     34.790           0.00         220.07
  BMU  3106  3503  OUTBOUND                        3         0.146         13.670      0.240           1.65           0.00
  BMU  3106  3503  OUTBOUND-NB                    28         0.135          0.000      2.110           0.00           0.27
  BMU  3106  3503  OUTBOUND-CREDIT                19         0.135        111.790      1.840         -34.35           0.00
  BMU  3503  3106  INBOUND                       466        81.967      4,693.380    122.590         633.27           0.00
  BMU  3503  3106  INBOUND-NB                     33        51.041        194.320      4.840           0.00         121.51
  CHL  3106  7305  OUTBOUND                      111        73.130      6,830.750    206.570         559.40           0.00
  CHL  7303  3106  INBOUND                        26         1.894        310.990      6.400          16.59           0.00
  CHN  4602  3106  INBOUND                        14         3.340        160.140      3.530          34.04           0.00
  CHN  4602  3106  INBOUND-TNIC                   13         1.577        105.300      2.280          20.52           0.00
  COL  3106  7322  OUTBOUND                       45         1.841         92.950      2.590           4.44           0.00
  COL  3106  7322  OUTBOUND-CREDIT               111         6.291      1,078.850     17.170         -70.38           0.00
  COL  3106  7322  OUTBOUND-CREDIT-TNIC            1         0.034          1.050      0.110          -0.46           0.00
  COL  7322  3106  INBOUND                      1561       302.365     33,044.000    663.640         966.00           0.00
  COL  7322  3106  INBOUND-NB                      6         0.674        221.420      3.910           0.00           4.58
  COL  7322  3106  INBOUND-TNIC                  139        22.199      2,447.070     51.820          74.02           0.00
  CPS  3106  3132  OUTBOUND-TNIC                   1         0.016          0.430      0.020           0.04           0.00
  CZE  2301  3106  INBOUND                        13         0.274         28.590      1.180           1.20           0.00
  CZE  2301  3106  INBOUND-TNIC                    3         0.526         55.560      1.140           1.38           0.00
  DPC  3106  3020  OUTBOUND-CREDIT               451       142.699     12,776.330    194.930      -1,105.55           0.00
  DPC  3106  3025  OUTBOUND                        1         0.001          0.060      0.000           0.00           0.00
  DPC  3106  3025  OUTBOUND-CREDIT                10         0.060          1.100      0.010          -0.20           0.00
  DPC  3106  3025  OUTBOUND-CREDIT-TNIC            1         0.034          2.450      0.290          -1.18           0.00
  HKG  3106  4542  OUTBOUND                        4         0.013          3.460      0.060           0.13           0.00
  HKG  3106  4542  OUTBOUND-CREDIT                 5         0.013          2.460      0.040          -0.32           0.00
  HUN  2161  3106  INBOUND                         1         0.022          1.450      0.070           0.19           0.00
  HUN  2161  3106  INBOUND-TNIC                    2         0.036         26.040      0.470           1.01           0.00
  HUN  3106  2161  OUTBOUND                        3         0.000          0.090      0.000           0.00           0.00
  HUN  3106  2161  OUTBOUND-TNIC                   5         0.032          1.240      0.020           0.10           0.00
  IND  4042  3106  INBOUND                      4245       448.561     52,649.300  1,498.160       1,946.72           0.00
  IND  4042  3106  INBOUND-NB                     20         0.246         68.170      1.820           0.00           2.06
  IND  4043  3106  INBOUND                       199        21.536      3,292.010     80.870         102.41           0.00
  IND  4043  3106  INBOUND-NB                     33         1.318        337.420      7.320           0.00           8.64
  IRL  2724  3106  INBOUND                      4770       273.790     42,485.830    810.180       1,083.97           0.00
  IRL  2724  3106  INBOUND-NB                      4         0.253         45.730      0.940           0.00           1.19
  IRL  3106  2724  OUTBOUND                       12         4.024        519.600     20.640          24.66           0.00
  IRL  3106  2724  OUTBOUND-CREDIT               339        42.965     13,569.870    218.220        -783.56           0.00
  IRL  3106  2724  OUTBOUND-TNIC                   1         0.110         18.570      0.310           0.42           0.00
  IRL  3106  2724  OUTBOUND-CREDIT-TNIC            1         0.110         18.560      0.310          -1.26           0.00
  ISR  4251  3106  INBOUND                         3         0.032          0.290      0.000           0.06           0.00
  JPN  3106  4401  OUTBOUND                       14         0.165         21.150      0.690           1.26           0.00
  JPN  3106  4401  OUTBOUND-CREDIT               239        30.136      1,687.920     35.380        -289.92           0.00
  JPN  3106  4408  OUTBOUND                        7         1.431      1,169.520     26.380          41.02           0.00
  JPN  3106  4408  OUTBOUND-CREDIT                67        10.516      8,783.850    134.780        -642.93           0.00
  JPN  4410  3106  INBOUND                       219        36.597      5,579.480    103.330         206.38           0.00
  KOR  4500  3106  INBOUND                      1236        86.281      9,008.500    224.050         310.33           0.00
  MAN  3106  5156  OUTBOUND-NB                    63         0.039          0.000      0.210           0.00           0.51
  MAN  3106  5156  OUTBOUND-CREDIT                 4         0.000          0.000      0.000           0.00           0.00
  MAN  5156  3106  INBOUND                       192        31.615      3,861.280     96.430         263.99           0.00
  MAN  5156  3106  INBOUND-NB                     98         6.143        592.830     14.770           0.00          43.36
  MCL  2350  3106  INBOUND                         4         0.011          0.140      0.000           0.01           0.00
  MCL  3106  2350  OUTBOUND-CREDIT                 2         0.003          0.120      0.000           0.00           0.00
  MNR  3106  5152  OUTBOUND                      192        13.760      1,895.270    196.060         340.95           0.00
  MNR  5152  3106  INBOUND                      1775        92.882      8,575.230    258.190         570.42           0.00
  MYS  3106  5021  OUTBOUND                      327        40.133      1,428.910     26.020          99.22           0.00
  MYS  3106  5021  OUTBOUND-CREDIT               144        21.857        830.890     15.100        -166.30           0.00
  MYS  5021  3106  INBOUND                       695       186.132     18,367.590    418.710         907.25           0.00
  MYS  5021  3106  INBOUND-NB                      3         0.399         86.500      1.690           0.00           3.14
  NZL  5301  3106  INBOUND-TNIC                    2         0.042         11.430      0.280           0.32           0.00
  PAK  4100  3106  INBOUND                       175        21.495      4,789.460     81.310         102.81           0.00
  PER  3106  7160  OUTBOUND-CREDIT               130       382.370     66,909.680  1,191.870     -27,958.90           0.00
  PER  7160  3106  INBOUND                      1470       231.941     38,980.420    759.500       5,452.34           0.00
  RCA  3106  3113  OUTBOUND                       14         0.014          0.490      0.000           0.04           0.00
  RCA  3106  3136  OUTBOUND-NB                     1         0.009          0.070      0.010           0.00           0.02
  SEN  6081  3106  INBOUND-TNIC                   27         3.040        876.610     19.680          36.92           0.00
  SGP  3106  5252  OUTBOUND-CREDIT                 6         0.029         21.480      0.380          -1.53           0.00
  TAI  3106  4877  OUTBOUND                      119         0.976        387.530     10.190          21.99           0.00
  TAI  3106  4877  OUTBOUND-CREDIT                36         0.700        314.860      7.970         -51.27           0.00
  TAI  4877  3106  INBOUND                       223        24.531      6,130.750    113.610         272.13           0.00
  TCI  3106  3763  OUTBOUND-NB                     7         0.001          0.000      0.000           0.00           0.00
  TCI  3106  3763  OUTBOUND-CREDIT                 2         0.000          0.000      0.000           0.00           0.00
  TCI  3763  3106  INBOUND-NB                    401         1.706         30.620      0.480           0.00           6.47
  TLX  3106  4872  OUTBOUND-CREDIT                 2         0.057          1.760      0.150          -1.28           0.00
  TLX  3106  4873  OUTBOUND                      461        32.613     15,853.640    331.420         717.13           0.00
  TLX  3106  4873  OUTBOUND-CREDIT               180        18.544      8,799.690    170.620      -1,117.96           0.00
  TLX  4873  3106  INBOUND                        14         1.953        234.400      5.100          13.90           0.00
  TNT  3106  3110  OUTBOUND                       10         1.027        210.210      7.540           9.62           0.00
  TNT  3106  3110  OUTBOUND-NB                     1         0.015          0.150      0.000           0.00           0.03
  TNT  3106  3110  OUTBOUND-CREDIT                27         2.922        296.390     12.530         -49.54           0.00
  TNT  3106  3110  OUTBOUND-TNIC                   1         0.050          1.230      0.060           0.14           0.00
  TNT  3106  3110  OUTBOUND-CREDIT-TNIC           16         0.171         12.620      0.360          -2.39           0.00
  TNT  3110  3106  INBOUND                         6         0.032          0.100      0.000           0.06           0.00
  TUN  6050  3106  INBOUND-TNIC                    9         0.352         38.740      0.840           0.00           0.00
  TUR  2863  3106  INBOUND                      4827       280.462     30,628.800    657.530         778.27           0.00
  TUR  2863  3106  INBOUND-NB                     25         1.150        327.920      6.320           0.00           6.20
  TUR  3106  2863  OUTBOUND-CREDIT               182         5.512      2,333.270     36.170        -103.78           0.00
  TUR  3106  2863  OUTBOUND-CREDIT-TNIC            5         0.240         81.060      1.260          -3.74           0.00
  TYM  3106  0009  OUTBOUND-NB                     4         0.137          6.620      0.150           0.00           0.00
  TYM  3106  0009  OUTBOUND-CREDIT                 2         0.068          6.010      0.720           0.00           0.00
  URG  7482  3106  INBOUND                         8         0.064          6.060      0.170           0.43           0.00
  WAG  3149  3106  INBOUND                         4         0.001          0.020      0.000           0.00           0.00
  WUI  3104  3106  INBOUND                      6377       937.495     42,906.990    849.710       3,419.32           0.00
  WUI  3104  3106  INBOUND-NB                     31       158.771         87.110      2.160           0.00         320.67
  WUI  3104  3106  INBOUND-TNIC                   14         2.786      1,719.920     32.210          67.49           0.00
  WUI  3106  3102  OUTBOUND-CREDIT                 1         0.039          0.560      0.130          -0.29           0.00
  WUI  3106  3104  OUTBOUND                     3811       958.890     92,281.420  2,732.530       5,239.72           0.00
  WUI  3106  3104  OUTBOUND-NB                   651         7.293         11.260     39.140           0.00          14.99
  WUI  3106  3104  OUTBOUND-CREDIT             14880       749.716    112,681.280  2,315.900     -16,666.84           0.00
  WUI  3106  3104  OUTBOUND-CREDIT-TNIC            3         0.086          3.750      0.430          -0.92           0.00
  ARG  3106  7222  OUTBOUND-NB                    61         0.148          0.000      1.700           0.00           0.36
  ARG  3106  7222  OUTBOUND-CREDIT                 4         0.000          0.000      0.000           0.00           0.00
  ARG  7220  3106  INBOUND                       669       148.526      9,985.360    223.190       1,619.46           0.00
  ARG  7222  3106  INBOUND                       425        57.763      6,373.770    142.000         941.11           0.00
  ARG  7222  3106  INBOUND-NB                      3         0.577         16.630      0.410           0.00           3.52
  ATG  3106  3443  OUTBOUND-NB                   126         1.475          0.000      8.110           0.00           2.95
  ATG  3106  3443  OUTBOUND-CREDIT                10         0.193          0.000      8.910          -1.16           0.00
  ATG  3443  3106  INBOUND                       374        13.176      2,263.720     55.350         207.43           0.00
  ATT  3106  3134  OUTBOUND-CREDIT               554        21.243      2,736.820     85.990        -192.99           0.00
  ATT  3134  3106  INBOUND                      1706        73.582      8,534.160    176.810         150.17           0.00
  AUS  3106  5052  OUTBOUND-CREDIT                 1         0.014          0.760      0.010          -0.10           0.00
  AUS  5052  3106  INBOUND                       370        40.381      6,128.160    129.840         170.22           0.00
  AUS  5053  3106  INBOUND                       190        17.952      4,528.300     92.750         110.70           0.00
  BHR  3106  4263  OUTBOUND-NB                   126         1.235         20.490     10.600           0.00           5.64
  BHR  3106  4263  OUTBOUND-CREDIT                25         0.659         47.860      1.230         -22.89           0.00
  BHR  4263  3106  INBOUND                      2573       345.393     33,386.160    858.900       5,036.65           0.00
  BHR  4263  3106  INBOUND-NB                    736        57.548      1,718.270     44.020           0.00         358.63
  BLZ  7020  3106  INBOUND                       217         9.660      1,091.860     27.110          41.36           0.00
  BLZ  7020  3106  INBOUND-NB                      9         0.354        103.380      2.040           0.00           2.69
  BMU  3106  3503  OUTBOUND-CREDIT                11         0.051         61.890      1.010         -18.87           0.00
  BMU  3503  3106  INBOUND                        29         2.230        196.950      5.000          24.15           0.00
  BRA  7241  3106  INBOUND                         2         0.158         25.540      0.480           3.58           0.00
  BRA  7249  3106  INBOUND                         7         1.297        103.930      2.710          16.23           0.00
  BVI  3106  3483  OUTBOUND-NB                     2         0.000          0.000      0.000           0.00           0.00
  BVI  3106  3483  OUTBOUND-CREDIT                 1         0.000          0.000      0.000           0.00           0.00
  BVI  3483  3106  INBOUND                        23        10.547      1,688.050     39.580         216.27           0.00
  BVI  3483  3106  INBOUND-NB                    180         0.843         16.540      0.350           0.00           3.96
  CHN  4602  3106  INBOUND                      1792       201.879     12,294.440    294.900       2,449.76           0.00
  COL  7322  3106  INBOUND                      1424       290.023     18,636.650    395.280       1,349.99           0.00
  COL  7322  3106  INBOUND-NB                      2         0.188         26.480      0.480           0.00           1.33
  DMR  3106  3700  OUTBOUND-NB                     6         0.001          0.000      0.000           0.00           0.00
  DMR  3106  3700  OUTBOUND-CREDIT                 1         0.000          0.000      0.000           0.00           0.00
  DMR  3700  3106  INBOUND                       318        47.000     11,000.770    274.850       1,355.07           0.00
  DMR  3700  3106  INBOUND-NB                     31         3.094        290.210      7.240           0.00          40.38
  DOM  3101  3106  INBOUND                      1229        33.211      1,678.410     42.310         126.79           0.00
  DOM  3106  3101  OUTBOUND                        4         0.494        122.070      2.720           5.38           0.00
  DOM  3106  3101 OUND-CREDIT                 1         0.038          0.360      0.010          -0.26           0.00
  DPC  3025  3106  INBOUND                        31         1.229        101.690      3.400           2.01           0.00
  DPC  3028  3106  INBOUND                       520        57.602     11,496.650    250.150         173.51           0.00
  DPC  3106  3020  OUTBOUND-CREDIT                75        13.551      1,016.130     21.860         -62.95           0.00
  EGY  6020  3106  INBOUND                        91        17.984      2,693.890     58.760         305.35           0.00
  EGY  6020  3106  INBOUND-TNIC                  566        83.190     11,606.860    236.650       1,327.06           0.00
  GAB  6282  3106  INBOUND-TNIC                    4         0.035          0.700      0.040           0.14           0.00
  GRA  3106  3118  OUTBOUND-CREDIT              1771        96.911     15,495.120    274.180        -436.05           0.00
  HKG  3106  4542  OUTBOUND-CREDIT                 3         0.011          3.110      0.050          -0.40           0.00
  HKG  4542  3106  INBOUND                      2753       309.613     70,567.120  1,293.960       3,284.45           0.00
  HKG  4546  3106  INBOUND                         4         0.005          0.930      0.030           0.08           0.00
  IDN  5101  3106  INBOUND                      3258       377.539     32,810.420  1,030.900       2,816.88           0.00
  IDN  5101  3106  INBOUND-NB                     66         7.827      1,101.200     35.940           0.00          87.54
  ISR  4251  3106  INBOUND                      7150       543.290     72,745.400  1,791.540       4,669.66           0.00
  ITT  3103  3106  INBOUND                         2         0.035          0.020      0.000           0.07           0.00
  ITT  3106  3103  OUTBOUND                        1         0.006          0.230      0.000           0.02           0.00
  ITT  3106  3103  OUTBOUND-NB                     1         0.004          0.120      0.010           0.00           0.01
  ITT  3106  3103  OUTBOUND-CREDIT                44         0.493          7.300      0.460          -3.74           0.00
  ITT  3106  3103  OUTBOUND-CREDIT-TNIC            3         0.003          0.280      0.000          -0.04           0.00
  ITT  3106  3107  OUTBOUND-NB                    81         2.464          4.580     10.880           0.00           5.09
  ITT  3106  3107  OUTBOUND-CREDIT                20         0.524          0.000     37.200          -3.14           0.00
  JAM  3380  3106  INBOUND                      6932       744.788     46,212.850  1,058.140       2,027.99           0.00
  JPN  3106  4401  OUTBOUND-CREDIT               207        16.861      1,297.850     25.910        -189.28           0.00
  JPN  3106  4408  OUTBOUND-CREDIT                57         5.259      4,283.480     66.760        -318.70           0.00
  JPN  4401  3106  INBOUND                       378        12.685      1,455.210     30.180          63.22           0.00
  JPN  4408  3106  INBOUND                      3108       394.879     44,858.830    892.410       1,898.60           0.00
  JPN  4408  3106  INBOUND-NB                      1         0.065         11.930      0.240           0.00           0.45
  KOR  4501  3106  INBOUND                         1         0.018          0.100      0.020           0.04           0.00
  MNI  3106  5154  OUTBOUND-NB                    70         5.646          1.890      5.010           0.00          17.22
  MNI  3106  5154  OUTBOUND-CREDIT                25         0.009          0.070      0.000          -0.11           0.00
  MNI  5154  3106  INBOUND                      2946       446.751     55,436.090  1,344.720       9,655.59           0.00
  MNI  5154  3106  INBOUND-NB                    117        23.631      3,279.320     79.710           0.00         562.79
  MYS  3106  5021  OUTBOUND-CREDIT                93        15.493        508.840      9.470        -112.34           0.00
  NYX  3106  3144  OUTBOUND-CREDIT               335         7.515        143.580      4.020         -60.57           0.00
  NZL  5301  3106  INBOUND                      3639       371.455     58,979.840  1,347.000       1,718.46           0.00
  NZL  5301  3106  INBOUND-TNIC                    1         0.002          0.270      0.000           0.00           0.00
  PAN  3106  7141  OUTBOUND                        2         0.007          0.270      0.010           0.04           0.00
  PRI  3106  3300  OUTBOUND-NB                    65         0.588        170.450      3.210           0.00          20.64
  PRI  3106  3300  OUTBOUND-CREDIT                 8         0.534         78.910      1.960         -30.64           0.00
  PRI  3106  3301  OUTBOUND                        1         0.011          0.270      0.010           0.05           0.00
  PRI  3300  3106  INBOUND                        76         8.640      2,404.930     53.180         292.15           0.00
  QAT  4271  3106  INBOUND                        20         0.800         73.400      2.780           7.36           0.00
  RCA  3106  3136  OUTBOUND-NB                     3         0.020          0.550      0.030           0.00           0.05
  RCA  3106  3136  OUTBOUND-CREDIT                 2         0.144          0.350      0.060          -0.90           0.00
  SEN  6081  3106  INBOUND-TNIC                   61         3.353        691.230     16.260          39.23           0.00
  SGP  3106  5252  OUTBOUND-CREDIT                 1         0.003          1.570      0.030          -0.13           0.00
  TAI  3106  4877  OUTBOUND-CREDIT                22         0.443        182.660      4.760         -86.19           0.00
  TAI  4877  3106  INBOUND                      2577       417.656     54,622.890  1,177.850       9,446.33           0.00
  TAI  4877  3106  INBOUND-NB                      1         0.045         23.540      0.290           0.00           3.66
  TCI  3106  3763  OUTBOUND-NB                     1         0.000          0.000      0.000           0.00           0.00
  TGL  3026  3106  INBOUND                       688        64.436      3,292.870     97.540         178.27           0.00
  TLX  3106  4872  OUTBOUND-CREDIT                78        17.641      2,241.930     40.780      -1,167.64           0.00
  TLX  3106  4873  OUTBOUND-CREDIT               106        21.035      9,907.160    208.520      -4,647.54           0.00
  TLX  4872  3106  INBOUND                      1505       178.321     15,717.860    355.170       2,892.60           0.00
  TLX  4873  3106  INBOUND                      2215       236.120     53,441.220  1,129.840       8,724.49           0.00
  TNT  3106  3110  OUTBOUND                        1         0.242         22.710      0.430           1.30           0.00
  TRT  3106  3119  OUTBOUND                        1         0.038          3.640      0.090           0.20           0.00
  URG  7482  3106  INBOUND                       818        66.262     12,020.140    268.570         659.57           0.00
  URG  7482  3106  INBOUND-NB                     14         1.139        246.910      4.500           0.00          11.11
  ZAF  3106  6550  OUTBOUND-CREDIT                18         0.304         25.230      0.650          -5.67           0.00
  ZAF  6550  3106  INBOUND                      1795       277.302     26,263.880    647.080       1,820.95           0.00
  ZAF  6550  3106  INBOUND-NB                      3         0.273         44.480      0.860           0.00           2.24
  AUS  3106  5052  OUTBOUND-CREDIT                 1         0.003          0.940      0.010          -0.06           0.00
  BHR  3106  4263  OUTBOUND-NB                    44         0.306          4.580      1.780           0.00           1.33
  BHR  3106  4263  OUTBOUND-CREDIT                23         4.077        306.340     50.180        -145.45           0.00
  BHR  4263  3106  INBOUND                        96         3.840        478.300      8.450          69.38           0.00
  BMU  3106  3503  OUTBOUND-CREDIT                12         0.073         27.650      0.460          -8.73           0.00
  BMU  3503  3106  INBOUND                        21         1.997        228.500      5.350          26.84           0.00
  CHL  3106  7302  OUTBOUND-CREDIT                88         3.188        981.270     17.140        -391.88           0.00
  CHL  3106  7305  OUTBOUND-CREDIT                 7         0.511          3.790      0.090          -5.25           0.00
  CHL  7302  3106  INBOUND                        63         6.582      1,035.520     21.160         145.89           0.00
  CHL  7305  3106  INBOUND                         1         0.221          6.490      0.350           1.36           0.00
  CRI  7129  3106  INBOUND                        23         0.691         46.750      1.210           2.14           0.00
  DPC  3106  3020  OUTBOUND-CREDIT                38         6.032        381.650      9.420         -25.53           0.00
  DPC  3106  3025  OUTBOUND-CREDIT                 1         0.010          0.130      0.000          -0.02           0.00
  DPC  3106  3025  OUTBOUND-CREDIT-TNIC            1         0.034          1.850      0.210          -0.13           0.00
  HKG  3106  4542  OUTBOUND-CREDIT                17         0.282         23.360      0.770          -6.57           0.00
  HKG  4542  3106  INBOUND                      2544       211.748     42,036.710    831.490       2,139.32           0.00
  HKG  4542  3106  INBOUND-NB                      1         0.049         13.040      0.220           0.00           0.56
  HKG  4544  3106  INBOUND                         2         0.028          0.080      0.000           0.06           0.00
  HKG  4545  3106  INBOUND                        59         4.731      1,153.090     28.140          66.92           0.00
  IDN  5101  3106  INBOUND                         9         1.172         68.230      2.480           7.30           0.00
  IDN  5101  3106  INBOUND-NB                      1         0.136         10.360      0.360           0.00           1.00
  IDN  5101  3106  INBOUND-TNIC                   12         1.364        209.980      6.110          14.95           0.00
  IRL  3106  2724  OUTBOUND-CREDIT-TNIC            1         0.084          0.090      0.000          -0.25           0.00
  JPN  3106  4401  OUTBOUND-CREDIT               250        23.320      1,506.950     32.880        -248.67           0.00
  JPN  3106  4408  OUTBOUND-CREDIT                40         1.400        869.340     14.710         -71.28           0.00
  JPN  4401  3106  INBOUND                       297        23.903      1,784.050     49.010         107.54           0.00
  JPN  4408  3106  INBOUND                      5948       734.332     74,293.210  1,633.860       3,492.79           0.00
  KOR  4501  3106  INBOUND                        18         0.729         47.360      1.480           2.21           0.00
  MAN  5156  3106  INBOUND                      1533       125.484     20,103.210    463.590       1,209.46           0.00
  MAN  5156  3106  INBOUND-NB                      2         0.175         92.690      1.460           0.00           3.32
  MNR  3106  5152  OUTBOUND-NB                   321        10.664         87.470     36.250           0.00          76.23
  MNR  3106  5152  OUTBOUND-CREDIT                79         2.048          3.780    139.180        -688.50           0.00
  MNR  5152  3106  INBOUND                      4210       602.055     27,118.880    644.150       2,024.91           0.00
  MNR  5152  3106  INBOUND-NB                     92        32.431      1,487.500     36.790           0.00         112.49
  MYS  3106  5021  OUTBOUND-CREDIT                86        16.443        557.000     10.230        -120.05           0.00
  NAN  3106  3620  OUTBOUND-NB                    62         0.721          0.000      7.500           0.00           1.80
  NAN  3106  3620  OUTBOUND-CREDIT                 5         0.132          0.000      0.050          -0.98           0.00
  NAN  3106  3620  OUTBOUND-CREDIT-TNIC            2         0.038          0.730      0.060          -0.53           0.00
  NAN  3620  3106  INBOUND                       909       701.862     13,475.230    336.290       3,270.58           0.00
  NAN  3620  3106  INBOUND-NB                     10         3.196        433.020      8.490           0.00          56.70
  PHP  5151  3106  INBOUND-TNIC                    7         0.437          5.120      0.260           1.50           0.00
  RCA  3106  3113  OUTBOUND-NB                   141         1.487          0.320     11.080           0.00           2.98
  RCA  3106  3113  OUTBOUND-CREDIT                73         1.560         24.490     36.180         -12.00           0.00
  RCA  3106  3113  OUTBOUND-CREDIT-TNIC            5         0.170         10.820      1.280          -2.19           0.00
  RCA  3113  3106  INBOUND                        36         0.288          7.600      0.190           0.84           0.00
  SAU  3106  4201  OUTBOUND-CREDIT                 4         0.955        129.120      5.150         -66.70           0.00
  SAU  4201  3106  INBOUND                      1049        91.770     22,092.890    399.820       3,589.21           0.00
  SAU  4201  3106  INBOUND-NB                      2         0.065         11.430      0.270           0.00           1.91
  SGP  3106  5252  OUTBOUND-CREDIT                 1         0.014         11.620      0.190          -0.76           0.00
  SGP  5252  3106  INBOUND                      5681       954.171     66,262.190  1,722.880       3,346.10           0.00
  SGP  5252  3106  INBOUND-NB                      1         0.003          1.030      0.050           0.00           0.06
  SRI  4132  3106  INBOUND                         9         0.170         18.920      0.610           0.97           0.00
  SRI  4132  3106  INBOUND-TNIC                  156        19.516      2,900.360     64.330         104.80           0.00
  TAI  3106  4877  OUTBOUND-CREDIT                19         0.340         99.150      3.180         -47.68           0.00
  TAI  4877  3106  INBOUND                      1143       101.303     19,645.880    685.290       3,250.76           0.00
  THA  3106  5201  OUTBOUND-NB                     1         0.017          0.090      0.000           0.00           0.04
  THA  5201  3106  INBOUND                      3874       563.815     85,194.510  1,836.760       7,943.03           0.00
  THA  5201  3106  INBOUND-NB                      7         0.474         98.400      1.730           0.00           8.82
  TLX  3106  4873  OUTBOUND-CREDIT               103        23.287     10,969.910    237.690      -5,146.04           0.00
  TLX  4872  3106  INBOUND                         8         0.699        186.880      3.190          30.13           0.00
  TLX  4873  3106  INBOUND                         3         0.106         23.010      0.590           3.77           0.00
  TLX  4873  3106  INBOUND-TNIC                    1         0.112         43.990      0.940           6.93           0.00
  TNT  3106  3110  OUTBOUND-CREDIT                24         1.972        157.520      6.710         -28.84           0.00
  TNT  3106  3126  OUTBOUND-CREDIT                 1         0.001          0.090      0.000          -0.01           0.00
  TYM  3106  0009  OUTBOUND-CREDIT                 1         0.033          2.890      0.340           0.00           0.00
  UAE  3106  4243  OUTBOUND-CREDIT-TNIC            1         0.034          1.180      0.130          -1.01           0.00
  UAE  4243  3106  INBOUND                         1         0.949         48.810      6.890          15.69           0.00
  ZAF  3106  6550  OUTBOUND-CREDIT                12         0.026          0.660      0.010          -0.22           0.00
  ZAF  3106  6550  OUTBOUND-CREDIT-TNIC           81        16.126      1,831.400     63.220        -468.95           0.00
  ANG  6315  3106  INBOUND                        68         4.905        335.290     12.040          27.54           0.00
  AUS  5052  3106  INBOUND                       536        47.709      8,880.460    193.780         241.49           0.00
  AUS  5052  3106  INBOUND-NB                      2         0.230        165.220      2.500           0.00           2.73
  AUS  5053  3106  INBOUND                       285        21.329      3,230.600     71.840          93.16           0.00
  AUS  5053  3106  INBOUND-NB                      6         0.059         15.110      0.450           0.00           0.50
  BHR  3106  4263  OUTBOUND-NB                    12         0.043          0.070      0.450           0.00           0.11
  BHR  3106  4263  OUTBOUND-CREDIT                15         1.942         52.110     27.570         -34.10           0.00
  BHR  4263  3106  INBOUND                      2281       335.594     33,248.520    886.750       4,994.96           0.00
  BHR  4263  3106  INBOUND-NB                    707        20.470      2,975.400     77.120           0.00         423.08
  BHS  3640  3106  INBOUND                       951       631.450     17,153.160    428.020       2,978.21           0.00
  BHS  3640  3106  INBOUND-NB                   6678       155.951     17,529.460    434.570           0.00       2,064.84
  BMU  3106  3503  OUTBOUND-NB                    26         0.140          0.000      2.120           0.00           0.28
  BMU  3106  3503  OUTBOUND-CREDIT                24         0.443        129.340      2.430         -41.46           0.00
  BMU  3503  3106  INBOUND                         3         0.030          2.530      0.150           0.31           0.00
  BMU  3503  3106  INBOUND-NB                      1         0.008          2.000      0.070           0.00           0.21
  BRB  3423  3106  INBOUND                        33         1.879        192.150     20.860          22.97           0.00
  BUL  2841  3106  INBOUND                        20         1.149        240.560      4.850           4.98           0.00
  BUL  2841  3106  INBOUND-NB                     10         1.018        594.050      9.760           0.00           8.94
  BUL  2841  3106  INBOUND-TNIC                   72         7.032      2,127.630     34.910          34.81           0.00
  CAM  6242  3106  INBOUND                        35         1.734        409.180      6.960          14.14           0.00
  CAM  6242  3106  INBOUND-TNIC                    7         0.228         17.250      1.350           2.56           0.00
  CAY  3463  3106  INBOUND                        93         8.259        935.930     20.640         110.11           0.00
  CHD  6222  3106  INBOUND                        26         0.875        128.470      2.410           5.34           0.00
  COL  7322  3106  INBOUND                      1681       375.663     40,568.650    800.690       1,176.36           0.00
  COL  7322  3106  INBOUND-NB                      6         0.599        155.320      2.840           0.00           3.44
  COL  7322  3106  INBOUND-TNIC                  258        45.869      4,032.170     83.870         129.73           0.00
  CPS  3132  3106  INBOUND                        26         2.022        543.010      9.470          23.59           0.00
  CRI  7129  3106  INBOUND                         2         0.025          0.790      0.030           0.07           0.00
  CSC  3106  3137  OUTBOUND-CREDIT                38         1.728        404.210      8.870         -54.02           0.00
  CZE  2301  3106  INBOUND                       135         4.680        709.530     22.820          22.82           0.00
  CZE  2301  3106  INBOUND-NB                      2         0.098         15.820      0.390           0.00           0.40
  CZE  2301  3106  INBOUND-TNIC                   75         5.259      1,168.610     24.100          24.36           0.00
  DPC  3106  3028  OUTBOUND-CREDIT               238         5.153        501.610      9.340         -48.54           0.00
  EGY  6020  3106  INBOUND                       641        64.981      9,873.840    245.450       1,117.34           0.00
  EGY  6020  3106  INBOUND-TNIC                   35         2.774        646.780     11.460          70.22           0.00
  FTC  3124  3106  INBOUND                       150      1513.397     13,601.670    421.460       3,516.44           0.00
  GTM  7042  3106  INBOUND                         2         0.034          0.230      0.000           0.09           0.00
  GTM  7044  3106  INBOUND                       496        13.869      1,198.210     29.680         147.55           0.00
  GTM  7044  3106  INBOUND-NB                     21         4.417        558.430     13.950           0.00          64.67
  HKG  3106  4542  OUTBOUND-CREDIT                 4         0.016          4.450      0.070          -0.49           0.00
  HKG  3106  4545  OUTBOUND-CREDIT                 1         0.011          1.240      0.030          -0.23           0.00
  HUN  2161  3106  INBOUND                        20         2.115        239.180      5.990          16.21           0.00
  HUN  2161  3106  INBOUND-NB                      5         0.444        252.930      4.150           0.00           9.20
  HUN  2161  3106  INBOUND-TNIC                  342        32.559      3,812.790     82.650         230.42           0.00
  IDN  5101  3106  INBOUND                         6         0.797         32.050      0.730           3.06           0.00
  IDN  5101  3106  INBOUND-TNIC                   38         4.700        461.110      9.650          28.71           0.00
  JAM  3106  3380  OUTBOUND-NB                   190         1.348          0.000      7.960           0.00           2.69
  JAM  3106  3380  OUTBOUND-CREDIT                13         0.002          0.000      0.000          -0.01           0.00
  JAM  3380  3106  INBOUND                      1095       217.050     18,742.680    526.870       2,308.37           0.00
  JAM  3380  3106  INBOUND-NB                   8421        79.928     11,367.240    279.490           0.00       1,296.58
  JPN  3106  4401  OUTBOUND-CREDIT               422        66.748      3,111.540     65.430        -584.87           0.00
  JPN  3106  4408  OUTBOUND-CREDIT                98         5.481      4,102.720     64.800        -311.00           0.00
  JPN  4408  3106  INBOUND                         2         0.008          0.100      0.010           0.02           0.00
  MCL  2350  3106  INBOUND                       589        75.689     22,945.550    401.440         395.99           0.00
  MCL  2350  3106  INBOUND-NB                     20         0.121         14.700      0.870           0.00           0.82
  MCL  2351  3106  INBOUND                      1395       260.663     28,857.000  1,108.030       3,146.36           0.00
  MOZ  6435  3106  INBOUND                        18         1.079        140.300      2.970           0.00           0.00
  MYS  3106  5021  OUTBOUND-CREDIT               165        27.783        926.430     16.830        -200.77           0.00
  NAN  3620  3106  INBOUND                      1394       786.434      4,851.060    120.520       2,057.97           0.00
  NZL  5301  3106  INBOUND-TNIC                    1         0.002          0.260      0.000           0.00           0.00
  PAN  3106  7141  OUTBOUND-NB                   129         2.154          0.000      5.730           0.00           4.23
  PAN  3106  7141  OUTBOUND-CREDIT               331        17.165        811.500     24.750        -344.88           0.00
  PAN  7141  3106  INBOUND                      4927       881.429     59,840.020  1,321.930       7,720.18           0.00
  PAN  7141  3106  INBOUND-NB                     35        39.277     20,152.280    503.800           0.00       2,092.60
  PAN  7142  3106  INBOUND                       133        25.869      2,933.150     73.250         345.05           0.00
  PHP  5151  3106  INBOUND                       585        37.535      5,392.680    125.480         335.41           0.00
  PHP  5151  3106  INBOUND-TNIC                    8         0.592          2.110      0.190           1.71           0.00
  RCA  3106  3136  OUTBOUND-CREDIT               236         8.424        766.730     24.920        -133.33           0.00
  SEN  6081  3106  INBOUND-TNIC                   63         2.907        591.810     14.160          27.74           0.00
  SGP  3106  5252  OUTBOUND-CREDIT               296        21.137      3,010.230     49.990        -266.72           0.00
  SGP  5252  3106  INBOUND                      5622      1039.844     74,299.720  1,588.190       3,284.83           0.00
  SRI  4132  3106  INBOUND                        49         0.600         35.060      1.310           2.39           0.00
  SRI  4132  3106  INBOUND-TNIC                  227        26.562      4,559.930     95.720         152.85           0.00
  TAI  3106  4877  OUTBOUND-CREDIT                38         0.625        189.860      6.190         -91.06           0.00
  TLX  3106  4873  OUTBOUND-CREDIT               190        15.977      6,453.820    128.890      -3,048.01           0.00
  TLX  3106  8010  OUTBOUND                      568        13.184        738.210     17.130          52.91           0.00
  TLX  3106  8020  OUTBOUND                      146         1.855        117.270      2.840           7.92           0.00
  TLX  3106  8030  OUTBOUND                        8         0.145          9.710      0.220           0.63           0.00
  TLX  3106  8231  OUTBOUND                     5073       158.677      3,973.010    234.960         460.12           0.00
  TLX  3106  8231  OUTBOUND-NB                     2         0.006          0.160      0.000           0.00           0.01
  TLX  4873  3106  INBOUND-TNIC                    4         0.681        313.540      6.270          49.07           0.00
  TNT  3106  3110  OUTBOUND-CREDIT                30         2.981        253.450     11.600         -45.26           0.00
  TRT  3106  3119  OUTBOUND                     1019        18.833      5,362.030    154.410         230.64           0.00
  TRT  3106  3119  OUTBOUND-NB                    86         2.548          9.090     13.090           0.00           5.42
  TRT  3106  3119  OUTBOUND-CREDIT              1516       239.512     24,292.570    662.520      -4,060.55           0.00
  TRT  3119  3106  INBOUND                       188        23.228     13,407.760    257.130         529.12           0.00
  TRT  3119  3106  INBOUND-NB                      2         0.110         49.210      0.940           0.00           1.99
  TTO  3106  3740  OUTBOUND-NB                    67         0.236          0.000      1.810           0.00           4.10
  TTO  3106  3740  OUTBOUND-CREDIT               108         4.160        555.900     42.690        -281.11           0.00
  TTO  3106  3740  OUTBOUND-CREDIT-TNIC            1         0.035          1.160      0.130          -1.00           0.00
  TTO  3740  3106  INBOUND                       605       390.249      5,560.870    136.080       1,052.67           0.00
  TTO  3740  3106  INBOUND-NB                     43        18.007      1,119.180     27.950           0.00          91.92
  TTO  3745  3106  INBOUND                       554        68.877      4,156.060    219.750         577.25           0.00
  TUN  6050  3106  INBOUND                        24         1.044        101.660      2.140           0.00           0.00
  ZAF  3106  6550  OUTBOUND-CREDIT                 1         0.009          0.450      0.020          -0.22           0.00
  ARG  7222  3106  INBOUND                         1         0.004          0.720      0.010           0.04           0.00
  BHR  4263  3106  INBOUND                        39         1.308        122.390      2.250          18.56           0.00
  BMU  3503  3106  INBOUND                       505        76.830      7,659.380    193.660         919.59           0.00
  BMU  3503  3106  INBOUND-NB                     23        30.884        364.750      9.100           0.00          98.24
  BRB  3106  3423  OUTBOUND-NB                   301         1.562        108.660     15.930           0.00          13.99
  BRB  3106  3423  OUTBOUND-CREDIT               109        76.852      2,179.210     54.530      -1,114.87           0.00
  BRB  3423  3106  INBOUND                       617      1310.548      8,787.590    214.450       3,499.85           0.00
  BRB  3423  3106  INBOUND-NB                     67        14.949        710.880     17.720           0.00         100.98
  CAY  3106  3463  OUTBOUND-NB                   134         0.847          0.000      7.250           0.00           1.69
  CAY  3106  3463  OUTBOUND-CREDIT                10         0.002          0.000      0.000          -0.01           0.00
  CAY  3463  3106  INBOUND                      1493       137.753     11,846.510    295.690       1,460.15           0.00
  CAY  3463  3106  INBOUND-NB                   1074      1871.425      6,638.830    165.480           0.00       4,406.73
  DUS  3106  3151  OUTBOUND-CREDIT               156        23.939      4,962.190    203.290        -409.00           0.00
  MCL  2350  3106  INBOUND                        31         0.900         99.560      2.190           2.56           0.00
  MCL  2351  3106  INBOUND                       154        24.859      1,771.430     46.690         202.00           0.00
  MOR  6041  3106  INBOUND                        81         6.303        479.200     14.360          23.24           0.00
  RCA  3106  3136  OUTBOUND-CREDIT                 1         0.018          0.290      0.010          -0.13           0.00
  SGP  3106  5252  OUTBOUND-CREDIT               108         2.877      1,134.340     22.770         -96.20           0.00
  SGP  5252  3106  INBOUND                        22         2.687        299.960      6.840          11.91           0.00
  TCI  3763  3106  INBOUND-NB                    431         1.771         31.020      0.490           0.00           2.64
  TRT  3106  3119  OUTBOUND                      121        12.628        599.300     26.270          46.82           0.00
  TYM  0009  3106  INBOUND                         5         0.031          2.500      0.110           0.00           0.00
  TYM  3106  0009  OUTBOUND-CREDIT                 1         0.033          4.800      0.580           0.00           0.00
  BT NORTH AMERICA                                                                                               PAGE    1
  TYMNET                                                                                                         PAGE    1
  AUS  5052  3106  INBOUND                        78         8.147      1,184.800     25.110          33.26           0.00
  AUS  5053  3106  INBOUND                        34         5.986        653.650     25.320          31.31           0.00
  BHR  4263  3106  INBOUND                        67         3.492        529.710     13.450          74.94           0.00
  BRB  3423  3106  INBOUND                         5         0.019          1.920      0.070           0.26           0.00
  CHL  7302  3106  INBOUND                      1424       163.836     23,892.150    524.270       1,376.21           0.00
  CHL  7305  3106  INBOUND                       430        49.852      6,264.610    161.130         421.96           0.00
  DMR  3701  3106  INBOUND                      1309       129.036      8,154.080    209.170       1,239.86           0.00
  HKG  4542  3106  INBOUND                         5         2.040        524.440     10.120          24.84           0.00
  ISR  4251  3106  INBOUND                      3574       301.125     39,958.560    958.800       2,481.88           0.00
  JPN  4400  3106  INBOUND                       464        69.672     19,371.600  1,617.750       5,131.95           0.00
  KEN  6390  3106  INBOUND                         7         0.854        196.660      3.200           6.59           0.00
  MEX  3340  3106  INBOUND-NB                     12         0.209         26.970      0.930           0.00           1.14
  MYS  5021  3106  INBOUND                       667       227.898     14,315.170    332.710         840.90           0.00
  MYS  5021  3106  INBOUND-NB                      2         0.104         25.500      0.570           0.00           1.01
  TNT  3106  3110  OUTBOUND-CREDIT               617        33.426      4,745.820     99.380        -713.06           0.00
  TNT  3110  3106  INBOUND                      3104       327.636     48,141.250    992.450       2,388.20           0.00
  TUR  2862  3106  INBOUND                       319        31.400      2,305.250     58.490         179.78           0.00
  VEN  7341  3106  INBOUND                       158        24.808      5,949.860    130.200          58.12           0.00
  C&W-HONG KONG                                                                                                  PAGE    1
  C&W-HONG KONG                                                                                                  PAGE    1
  ARG  3106  7222  OUTBOUND-CREDIT                 1         0.004          0.000      0.000          -0.03           0.00
  BHR  4263  3106  INBOUND                        11         0.245         33.100      0.990           4.75           0.00
  CHN  3106  4602  OUTBOUND-CREDIT                 3         0.033          0.130      0.000           0.00           0.00
  CHN  3106  4602  OUTBOUND-CREDIT-TNIC         1476       100.224      7,676.830    304.120           0.00           0.00
  CYP  2802  3106  INBOUND                       417        22.884      7,941.830    164.370           0.00           0.00
  CYP  2802  3106  INBOUND-TNIC                   14         1.517        105.730      3.940           0.00           0.00
  CYP  3106  2802  OUTBOUND-CREDIT-TNIC            4         4.811        324.750      8.110           0.00           0.00
  CZE  2301  3106  INBOUND                       122         3.978        649.840     21.930          21.50           0.00
  CZE  2301  3106  INBOUND-NB                      2         0.161         99.350      1.790           0.00           1.62
  CZE  2301  3106  INBOUND-TNIC                  129         5.635      1,021.490     22.960          23.73           0.00
  HKG  3106  4542  OUTBOUND-CREDIT                 2         0.006          0.550      0.010          -0.12           0.00
  IDN  3106  5101  OUTBOUND-CREDIT                 9         0.043          1.330      0.030          -0.45           0.00
  IDN  3106  5101  OUTBOUND-CREDIT-TNIC         3736       154.085      6,331.240    168.090      -1,933.07           0.00
  IND  3106  4042  OUTBOUND-CREDIT               152         0.257         10.850      0.150          -1.22           0.00
  IND  3106  4042  OUTBOUND-CREDIT-TNIC          313         7.337      2,358.070     40.610        -143.85           0.00
  IRL  2724  3106  INBOUND-TNIC                   10         0.191         26.020      0.450           0.64           0.00
  IRL  3106  2724  OUTBOUND-CREDIT                36         0.401          2.190      0.030          -1.31           0.00
  IRL  3106  2724  OUTBOUND-CREDIT-TNIC          558       114.896      5,695.450    164.600        -838.50           0.00
  ISR  3106  4251  OUTBOUND-CREDIT               116         0.981          7.240      0.110          -6.58           0.00
  ISR  3106  4251  OUTBOUND-CREDIT-TNIC         3359        38.384      6,717.740    117.720        -936.63           0.00
  ISR  4251  3106  INBOUND                       813        45.073      6,921.910    152.250         394.66           0.00
  ISR  4251  3106  INBOUND-TNIC                 7035       470.198     71,696.520  1,751.430       4,443.26           0.00
  JPN  3106  4401  OUTBOUND-CREDIT               172        26.694      1,105.440     40.740        -298.38           0.00
  JPN  3106  4406  OUTBOUND-CREDIT-TNIC            1         0.035          1.280      0.030          -0.28           0.00
  JPN  3106  4408  OUTBOUND-CREDIT                57         0.796        588.060     11.020         -52.30           0.00
  JPN  3106  4408  OUTBOUND-CREDIT-TNIC            6         1.375        110.530      1.870         -14.37           0.00
  JPN  3106  4411  OUTBOUND-CREDIT-TNIC           47        18.392      2,415.650     50.120        -303.19           0.00
  JPN  4411  3106  INBOUND                        19         7.123      1,654.830     62.080         102.08           0.00
  JPN  4411  3106  INBOUND-TNIC                 2088       198.498     29,637.590    630.380       1,222.50           0.00
  KEN  3106  6390  OUTBOUND-CREDIT                 5         0.011          0.320      0.000          -0.07           0.00
  KEN  3106  6390  OUTBOUND-CREDIT-TNIC            3         0.107          1.780      0.060          -0.85           0.00
  KEN  6390  3106  INBOUND                       125         3.481         46.210      4.730          13.35           0.00
  KEN  6390  3106  INBOUND-TNIC                  566        20.240      5,585.130    110.020         211.65           0.00
  MCL  3106  2350  OUTBOUND-CREDIT                17         0.178          1.270      0.010          -0.48           0.00
  MCL  3106  2350  OUTBOUND-CREDIT-TNIC          653         7.032      4,776.790     79.440        -215.28           0.00
  MCL  3106  2351  OUTBOUND-CREDIT-TNIC          206       108.212      7,309.690    213.200      -2,517.54           0.00
  MCL  3106  2352  OUTBOUND-CREDIT-TNIC           70         3.630        449.220     21.030        -145.65           0.00
  MYS  3106  5021  OUTBOUND-CREDIT                 4         0.154         33.310      0.590          -3.37           0.00
  PHP  3106  5151  OUTBOUND-CREDIT               118         0.522          8.320      0.110          -4.23           0.00
  PHP  3106  5151  OUTBOUND-CREDIT-TNIC          519        38.731      6,696.960    114.830        -950.44           0.00
  SAU  4201  3106  INBOUND                       175        24.960      5,212.940    104.400         856.81           0.00
  SAU  4201  3106  INBOUND-TNIC                 1252       101.894     21,836.070    400.890       3,581.06           0.00
  SGP  3106  5252  OUTBOUND-CREDIT                19         0.130         13.170      0.240          -1.38           0.00
  SGP  3106  5252  OUTBOUND-CREDIT-TNIC         7468       495.509     18,677.720    424.220      -3,448.70           0.00
  TAI  3106  4877  OUTBOUND-CREDIT                 2         0.047          8.170      0.200          -4.10           0.00
  TLX  3106  4873  OUTBOUND-CREDIT                26         0.994        328.800      5.680         -22.54           0.00
  UAE  3106  4243  OUTBOUND-CREDIT-TNIC          546         4.719      1,053.050     18.610        -502.19           0.00
  UAE  4243  3106  INBOUND                      2161       206.196     36,017.830    823.060       5,815.01           0.00
  UAE  4243  3106  INBOUND-TNIC                 1855       397.822     31,656.680  1,028.180       5,544.10           0.00
  ZAF  3106  6550  OUTBOUND-CREDIT                 2         0.056          2.990      0.170          -1.39           0.00
  ZAF  3106  6550  OUTBOUND-CREDIT-TNIC          405        60.082     32,766.310    527.320      -3,471.56           0.00
  ZAF  6550  3106  INBOUND                       673        92.367     14,411.620    344.670         860.94           0.00
  ZAF  6550  3106  INBOUND-NB                      2         0.023          6.580      0.220           0.00           0.48
  ZAF  6550  3106  INBOUND-TNIC                 1191       138.124     16,952.990    414.470       1,088.55           0.00
  ZIM  6482  3106  INBOUND                         3         0.036          0.190      0.000           0.00           0.00
  ZIM  6482  3106  INBOUND-TNIC                  147        18.188      1,213.300     28.130           0.00           0.00
  DATA MANAGEMENT CO                                                                                             PAGE    1
  JAMAICA                                                                                                        PAGE    1
  TRINIDAD                                                                                                       PAGE    1
  PANAMA                                                                                                         PAGE    1
  BARBADOS                                                                                                       PAGE    1
  CAYMAN ISLANDS                                                                                                 PAGE    1
  PHILIPPINES GLOBAL COMM. INC.                                                                                  PAGE    1
  PHILIPPINES                                                                                                    PAGE    1
  COSTA RICA                                                                                                     PAGE    1
  COSTA RICA                                                                                                     PAGE    1
G@!