  ARG  3106  7222  OUTBOUND-CREDIT                51         1.243        187.230      3.210         -26.75           0.00
  ARG  7222  3106  INBOUND                       178         4.435        945.860     24.520          57.92           0.00
  AUS  3106  5052  OUTBOUND                        1         0.021          3.200      0.080           0.10           0.00
  AUS  3106  5052  OUTBOUND-CREDIT                 6         0.115         10.990      0.280          -1.20           0.00
  AUS  3106  5053  OUTBOUND                       15         2.450         83.280      2.000           4.45           0.00
  AUS  3106  5053  OUTBOUND-CREDIT                17         0.059         16.010      0.280          -1.03           0.00
  AUS  5052  3106  INBOUND                      2381       904.301     41,114.190    871.470       1,775.77           0.00
  AUS  5052  3106  INBOUND-NB                      1         0.015          4.130      0.110           0.00           0.12
  AUS  5053  3106  INBOUND                      1411       147.115     21,109.170    436.120         583.23           0.00
  AUS  5053  3106  INBOUND-NB                      1         0.009          2.850      0.110           0.00           0.12
  BHR  3106  4263  OUTBOUND-NB                     9         0.280          7.150      0.230           0.00           1.59
  BHR  3106  4263  OUTBOUND-CREDIT               319        17.897      1,561.500     32.280        -719.78           0.00
  BHR  4263  3106  INBOUND                       925       114.394     13,149.330    345.360       1,929.62           0.00
  BHR  4263  3106  INBOUND-NB                    107        57.219      1,271.050     35.850           0.00         301.92
  BMU  3106  3503  OUTBOUND-NB                     1         0.000          0.000      0.000           0.00           0.00
  BMU  3106  3503  OUTBOUND-CREDIT                21        12.224        601.750     23.240        -253.87           0.00
  BMU  3503  3106  INBOUND                       630       214.505      8,858.690    235.330       1,314.87           0.00
  BMU  3503  3106  INBOUND-NB                     19         3.436        577.870     14.600           0.00          64.66
  CHL  3106  7303  OUTBOUND-CREDIT                50         2.639      1,527.540     24.590        -163.39           0.00
  CHL  3106  7305  OUTBOUND                      109        45.594      3,566.770     95.430         282.05           0.00
  CHL  7303  3106  INBOUND                      1875       366.582     38,356.570    855.440       2,444.04           0.00
  CHL  7303  3106  INBOUND-NB                      1         0.015          1.840      0.060           0.00           0.16
  CHN  4602  3106  INBOUND                        12         3.012         88.830      2.810          22.36           0.00
  CHN  4602  3106  INBOUND-TNIC                    3         0.027          5.870      0.110           0.96           0.00
  COL  3106  7322  OUTBOUND                       22         2.160         69.500      3.190           5.35           0.00
  COL  3106  7322  OUTBOUND-CREDIT                27         1.228         96.240      1.630          -8.58           0.00
  COL  7322  3106  INBOUND                      1103       181.920     21,194.760    435.550         617.47           0.00
  COL  7322  3106  INBOUND-NB                      1         0.015          1.840      0.060           0.00           0.08
  COL  7322  3106  INBOUND-TNIC                  101         7.300        923.370     19.630          26.93           0.00
  CPS  3106  3132  OUTBOUND                        1         0.247         15.800      0.410           1.06           0.00
  DPC  3020  3106  INBOUND                         3         0.027          2.780      0.160           0.22           0.00
  DPC  3106  3020  OUTBOUND-CREDIT               315        89.319      5,704.390    120.160        -685.05           0.00
  DPC  3106  3025  OUTBOUND-CREDIT                 3         0.043          0.570      0.000          -0.13           0.00
  DPC  3106  3028  OUTBOUND-CREDIT                42         0.153         53.460      0.910          -3.82           0.00
  HKG  3106  4542  OUTBOUND-CREDIT                 2         0.007          1.650      0.020          -0.19           0.00
  HUN  2161  3106  INBOUND-TNIC                   12         1.423        136.420      3.420           9.69           0.00
  IND  3106  4042  OUTBOUND                        1         0.016          5.250      0.130           0.14           0.00
  IND  3106  4042  OUTBOUND-CREDIT               165         2.707        593.730     12.250         -44.89           0.00
  IND  3106  4042  OUTBOUND-CREDIT-TNIC            2         0.066         23.840      0.400          -1.40           0.00
  IND  4042  3106  INBOUND                      3125       497.462     43,033.280  1,167.680       1,665.14           0.00
  IND  4042  3106  INBOUND-NB                     42         1.313        326.370      6.460           0.00           7.77
  IRL  2724  3106  INBOUND                      2452       197.892     40,053.710    854.210       1,052.10           0.00
  IRL  3106  2724  OUTBOUND                        4         0.804        129.830      4.830           5.64           0.00
  IRL  3106  2724  OUTBOUND-CREDIT               430        53.728     19,038.160    304.350      -1,074.25           0.00
  IRL  3106  2724  OUTBOUND-TNIC                   1         0.104         15.370      0.260           0.36           0.00
  IRL  3106  2724  OUTBOUND-CREDIT-TNIC            2         0.117         17.540      0.330          -1.34           0.00
  ISR  4251  3106  INBOUND                         3         0.160         17.680      0.460           1.00           0.00
  JPN  3106  4401  OUTBOUND                       47         0.725         76.050      1.510           3.29           0.00
  JPN  3106  4401  OUTBOUND-CREDIT               174         4.015        846.290     14.520         -82.00           0.00
  JPN  3106  4408  OUTBOUND                       10         4.507      3,968.510     89.490         138.65           0.00
  JPN  3106  4408  OUTBOUND-CREDIT                88         4.959      3,306.780     50.600        -245.88           0.00
  JPN  4410  3106  INBOUND                       241        36.342      5,609.540    106.370         210.49           0.00
  KOR  3106  4501  OUTBOUND                        2         0.092         18.710      0.410           0.50           0.00
  KOR  3106  4501  OUTBOUND-CREDIT                 1         0.002          1.480      0.030          -0.09           0.00
  KOR  4500  3106  INBOUND                       371        55.157      5,755.990    128.580         183.73           0.00
  MAN  3106  5156  OUTBOUND-NB                     8         0.002          0.000      0.030           0.00           0.07
  MAN  3106  5156  OUTBOUND-CREDIT                10         0.022          0.080      0.000          -0.16           0.00
  MAN  5156  3106  INBOUND                        14         2.010        218.670      5.460          15.44           0.00
  MAN  5156  3106  INBOUND-NB                     77         2.454        175.210      4.330           0.00          14.19
  MCL  2350  3106  INBOUND                         5         0.010          0.200      0.000           0.01           0.00
  MCL  3106  2351  OUTBOUND-CREDIT                 1         0.008          0.170      0.000          -0.07           0.00
  MNR  3106  5152  OUTBOUND                      383        17.461      2,241.830    157.920         284.97           0.00
  MNR  5152  3106  INBOUND                      1989       109.135     12,837.040    336.840         724.63           0.00
  MYS  3106  5021  OUTBOUND-CREDIT                21         0.301         59.580      1.270          -7.10           0.00
  MYS  5021  3106  INBOUND                       630       121.196     12,605.600    277.220         597.61           0.00
  MYS  5021  3106  INBOUND-NB                      4         0.184         37.860      0.970           0.00           1.74
  NZL  3106  5301  OUTBOUND                        5         0.050          9.000      0.230           0.28           0.00
  NZL  3106  5301  OUTBOUND-CREDIT                 4         0.013          2.290      0.060          -0.23           0.00
  PER  3106  7160  OUTBOUND-CREDIT                 9         1.404         69.110      3.760         -36.44           0.00
  PER  7160  3106  INBOUND                      1828       521.522     67,276.900  1,467.710       9,713.34           0.00
  SEN  6081  3106  INBOUND-TNIC                   44         1.791        418.460     10.240          19.56           0.00
  SGP  3106  5252  OUTBOUND-CREDIT                66       221.714      3,413.770    146.650      -1,381.37           0.00
  SGP  3106  5252  OUTBOUND-CREDIT-TNIC            1         0.163          2.450      0.100          -1.01           0.00
  SMA  2922  3106  INBOUND-TNIC                    4         0.277         88.220      1.910           0.00           0.00
  TAI  3106  4877  OUTBOUND                      214         2.595        705.620     16.230          37.08           0.00
  TAI  3106  4877  OUTBOUND-CREDIT                66         2.506        500.270     11.670         -83.80           0.00
  TAI  4877  3106  INBOUND                       386        22.558      4,526.340    138.610         317.48           0.00
  TCI  3106  3763  OUTBOUND-NB                     1         0.001          0.000      0.030           0.00           0.00
  TCI  3106  3763  OUTBOUND-CREDIT                 5         0.001          0.000      0.000           0.00           0.00
  TCI  3763  3106  INBOUND                         4         0.181         10.990      0.270           1.46           0.00
  TCI  3763  3106  INBOUND-NB                    591         2.559         44.840      0.700           0.00           9.60
  TLX  3106  4873  OUTBOUND                        2         0.887         28.770      0.690           3.12           0.00
  TLX  3106  4873  OUTBOUND-CREDIT                22         1.273        368.400      6.270         -44.63           0.00
  TNT  3106  3110  OUTBOUND                       76        33.707      1,554.670     51.310         123.37           0.00
  TNT  3106  3110  OUTBOUND-CREDIT                33         4.389        343.960     15.620         -63.48           0.00
  TNT  3106  3110  OUTBOUND-CREDIT-TNIC            4         0.051          0.920      0.030          -0.41           0.00
  TNT  3110  3106  INBOUND                         2         0.002          0.010      0.000           0.00           0.00
  TUN  6050  3106  INBOUND-TNIC                   17         0.404         43.470      0.930           0.00           0.00
  TUR  2863  3106  INBOUND                      2312       167.415     26,050.730    509.120         561.40           0.00
  TUR  2863  3106  INBOUND-NB                      3         0.042          6.880      0.250           0.00           0.24
  TUR  3106  2863  OUTBOUND-CREDIT               137         4.840      2,395.230     36.820        -103.72           0.00
  TYM  3106  0009  OUTBOUND-CREDIT                 6         0.039          0.520      0.010           0.00           0.00
  URG  7482  3106  INBOUND                        23         0.364         40.080      1.110           2.72           0.00
  WUI  3104  3106  INBOUND                      4270       980.308     41,914.500    793.760       3,469.32           0.00
  WUI  3104  3106  INBOUND-NB                    420       163.924      2,086.210     52.010           0.00         402.93
  WUI  3106  3104  OUTBOUND                     5364      1830.741     78,444.050  1,802.990       6,485.21           0.00
  WUI  3106  3104  OUTBOUND-NB                   139         1.900         16.540      1.650           0.00           4.39
  WUI  3106  3104  OUTBOUND-CREDIT             10102       195.814     67,758.180  1,117.330      -8,492.08           0.00
  ARG  3106  7222  OUTBOUND-NB                     2         0.000          0.000      0.000           0.00           0.00
  ARG  3106  7222  OUTBOUND-CREDIT                 7         0.018          0.210      0.040          -0.21           0.00
  ARG  7220  3106  INBOUND                       759       203.866     10,303.000    263.950       1,797.51           0.00
  ARG  7222  3106  INBOUND                       271        31.635      3,933.100     84.690         570.71           0.00
  ARG  7222  3106  INBOUND-NB                      1         0.010          2.020      0.130           0.00           0.28
  ATG  3106  3443  OUTBOUND-NB                     5         0.014          0.000      0.050           0.00           0.02
  ATG  3106  3443  OUTBOUND-CREDIT                17         0.193          0.000     13.430          -1.15           0.00
  ATG  3443  3106  INBOUND                       488        25.322      2,678.590     68.740         264.91           0.00
  ATG  3443  3106  INBOUND-NB                    310       641.954      2,620.010     65.360           0.00       1,493.49
  AUS  3106  5052  OUTBOUND-CREDIT                 4         0.246         42.970      0.720          -2.91           0.00
  AUS  3106  5053  OUTBOUND-CREDIT                 1         0.002          0.280      0.000          -0.02           0.00
  AUS  5052  3106  INBOUND                       445        39.203      5,356.890    121.280         160.48           0.00
  AUS  5053  3106  INBOUND                       223        27.182      4,380.430     89.270         116.45           0.00
  BHR  3106  4263  OUTBOUND-NB                     5         0.096          1.040      0.100           0.00           0.37
  BHR  3106  4263  OUTBOUND-CREDIT                84         5.681        423.540     10.580        -201.43           0.00
  BHR  4263  3106  INBOUND                      1693       194.317     22,830.230    572.870       3,339.50           0.00
  BHR  4263  3106  INBOUND-NB                    152        33.026      2,306.720     62.000           0.00         370.90
  BHR  4263  3106  INBOUND-TNIC                   16         0.319         18.480      2.260           3.10           0.00
  BMU  3106  3503  OUTBOUND-CREDIT                 9         7.200        421.750     14.930        -169.72           0.00
  BMU  3503  3106  INBOUND                         5         0.269         51.570      0.950           5.69           0.00
  BMU  3503  3106  INBOUND-NB                      3         0.286         57.090      1.150           0.00           6.28
  BRA  7240  3106  INBOUND                         2         0.560         75.100      1.900          10.78           0.00
  BRA  7241  3106  INBOUND                         6         0.702        130.510      2.950          18.06           0.00
  BVI  3483  3106  INBOUND                        11         0.240          3.440      0.080           0.98           0.00
  BVI  3483  3106  INBOUND-NB                    354         1.515         32.260      0.670           0.00           7.40
  CHL  3106  7302  OUTBOUND-CREDIT                 3         0.080          1.130      0.050          -1.02           0.00
  CHN  4602  3106  INBOUND                      1816       178.007     14,927.130    380.830       2,773.04           0.00
  COL  7322  3106  INBOUND                      1213       315.222     16,618.430    370.940       1,351.68           0.00
  COL  7322  3106  INBOUND-NB                      5         0.365         36.460      0.860           0.00           2.41
  COL  7322  3106  INBOUND-TNIC                  103        13.008      1,715.680     32.320          89.29           0.00
  CPS  3106  3132  OUTBOUND-CREDIT                 4         0.031          0.470      0.020          -0.23           0.00
  CSC  3106  3137  OUTBOUND                        1         0.007          0.170      0.010           0.02           0.00
  DAM  4150  3106  INBOUND-TNIC                   14         0.411         26.380      0.660           3.05           0.00
  DMR  3106  3700  OUTBOUND-NB                     1         0.000          0.000      0.000           0.00           0.00
  DMR  3106  3700  OUTBOUND-CREDIT                13         0.003          0.000      0.060          -0.02           0.00
  DMR  3700  3106  INBOUND                       256        22.494      3,768.970     94.100         480.23           0.00
  DMR  3700  3106  INBOUND-NB                     10         0.315         15.770      0.380           0.00           2.56
  DOM  3101  3106  INBOUND                       761        22.518      1,126.860     28.830          85.57           0.00
  DOM  3101  3106  INBOUND-NB                      1         0.004          1.020      0.050           0.00           0.04
  DOM  3106  3101  OUTBOUND-CREDIT                17         7.180        103.640      2.870         -54.27           0.00
  DPC  3025  3106  INBOUND                         1         0.005          0.110      0.000           0.00           0.00
  DPC  3028  3106  INBOUND                       482        28.710      8,361.290    182.660         117.39           0.00
  DPC  3106  3020  OUTBOUND-CREDIT                38         6.462        372.530      9.560         -26.07           0.00
  EGY  6020  3106  INBOUND-TNIC                    4         0.680        107.620      2.040          12.12           0.00
  HKG  4542  3106  INBOUND                      4696       444.005     85,758.780  1,704.450       4,407.73           0.00
  IDN  3106  5101  OUTBOUND-CREDIT                 5         0.253         19.640      0.470          -4.36           0.00
  IDN  5101  3106  INBOUND                      3589       388.242     30,361.760    969.640       2,715.77           0.00
  IDN  5101  3106  INBOUND-NB                     29         1.850        231.790      6.820           0.00          17.34
  IDN  5101  3106  INBOUND-TNIC                   10         0.449         36.440      1.350           3.61           0.00
  IND  4042  3106  INBOUND                         1         0.013          0.000      0.000           0.01           0.00
  IND  4042  3106 UND-TNIC                   59         4.791        664.100     16.590          21.38           0.00
  IRL  3106  2724  OUTBOUND-CREDIT                 1         0.106         15.800      0.260          -1.12           0.00
  ISR  4251  3106  INBOUND                      4875       340.942     59,905.730  1,509.430       3,700.75           0.00
  ITT  3103  3106  INBOUND                        57         0.864         77.140      2.500           4.50           0.00
  ITT  3103  3106  INBOUND-NB                      1         0.056          8.590      0.210           0.00           0.42
  ITT  3106  3103  OUTBOUND                        6         0.042          0.690      0.010           0.11           0.00
  ITT  3106  3103  OUTBOUND-NB                     5         0.020          0.380      0.010           0.00           0.05
  ITT  3106  3103  OUTBOUND-CREDIT                58         1.255         84.000      3.530         -16.60           0.00
  ITT  3106  3107  OUTBOUND-NB                    35         0.326          0.000      0.540           0.00           0.65
  ITT  3106  3107  OUTBOUND-CREDIT                84         0.562          3.780     27.360          -3.78           0.00
  JAM  3380  3106  INBOUND                      1644       335.810     26,260.450    570.440       1,019.46           0.00
  JPN  3106  4401  OUTBOUND-CREDIT               157         4.080        973.370     16.420         -90.73           0.00
  JPN  3106  4408  OUTBOUND-CREDIT                16         2.334      1,817.920     27.610        -132.53           0.00
  JPN  4401  3106  INBOUND                       222        29.866      2,389.020     89.030         175.36           0.00
  JPN  4401  3106  INBOUND-NB                      1         0.072         20.060      0.440           0.00           0.75
  JPN  4408  3106  INBOUND                      2491       257.381     32,270.130    644.510       1,330.17           0.00
  JPN  4408  3106  INBOUND-NB                      2         0.212        112.190      1.490           0.00           2.51
  KOR  3106  4501  OUTBOUND-CREDIT                 2         0.045         20.980      0.550          -5.30           0.00
  KOR  4501  3106  INBOUND                         3         0.816        271.720      5.930          23.37           0.00
  MEX  3106  3340  OUTBOUND-CREDIT                 1         0.015          0.140      0.010          -0.08           0.00
  MNI  3106  5154  OUTBOUND-NB                    11         1.348          0.000      0.390           0.00           4.04
  MNI  3106  5154  OUTBOUND-CREDIT                43         0.039         20.610      0.510          -9.62           0.00
  MNI  5154  3106  INBOUND                      2207       164.370     41,744.350  1,015.450       6,754.71           0.00
  MNI  5154  3106  INBOUND-NB                    137        15.915      4,196.490    104.910           0.00         677.21
  MYS  3106  5021  OUTBOUND-CREDIT                 9         0.106         16.580      0.400          -2.28           0.00
  NAN  3620  3106  INBOUND-NB                      5         0.401         20.510      0.670           0.00           2.85
  NZL  3106  5301  OUTBOUND-CREDIT                 3         0.040          7.420      0.190          -0.69           0.00
  NZL  5301  3106  INBOUND                      7764       514.758     86,828.940  2,053.840       2,568.59           0.00
  NZL  5301  3106  INBOUND-NB                      2         0.015          4.820      0.160           0.00           0.18
  PRI  3106  3300  OUTBOUND-NB                    33         0.031          0.000      0.160           0.00           0.07
  PRI  3106  3300  OUTBOUND-CREDIT                91         4.972          0.000    175.500         -37.29           0.00
  PRI  3300  3106  INBOUND                       153        12.740      1,749.090     44.170         228.61           0.00
  QAT  4271  3106  INBOUND                        63        12.041        942.340     24.010          75.11           0.00
  SEN  6081  3106  INBOUND-TNIC                   83         4.049        891.810     21.120          50.34           0.00
  SGP  3106  5252  OUTBOUND-CREDIT                 4         0.047         27.770      0.480          -1.99           0.00
  SGP  5252  3106  INBOUND                      3614       513.351     46,619.390  1,010.130       1,904.22           0.00
  SGP  5252  3106  INBOUND-NB                      1         0.006          2.020      0.060           0.00           0.09
  SMA  2922  3106  INBOUND-TNIC                    2         0.517         81.500      1.910           0.00           0.00
  TAI  3106  4877  OUTBOUND-CREDIT                28         0.668        231.480      5.430        -110.18           0.00
  TAI  4877  3106  INBOUND                      2769       310.855     68,370.120  1,325.480      11,188.01           0.00
  TCI  3106  3763  OUTBOUND-NB                     1         0.010          0.000      0.000           0.00           0.00
  TCI  3106  3763  OUTBOUND-CREDIT                 3         0.000          0.000      0.000           0.00           0.00
  TCI  3763  3106  INBOUND-NB                    226         0.940         16.970      0.270           0.00           1.42
  TLX  3106  4872  OUTBOUND-CREDIT               259        57.149     13,922.840    229.300      -6,779.62           0.00
  TLX  3106  4873  OUTBOUND-CREDIT                23         1.954        170.540      3.290         -94.33           0.00
  TLX  4872  3106  INBOUND                      1827       124.378     15,659.420    401.820       2,722.00           0.00
  TLX  4873  3106  INBOUND                      2468       298.110     53,346.760  1,253.030       8,896.28           0.00
  TNT  3106  3110  OUTBOUND                        1         0.157          0.810      0.030           0.34           0.00
  TNT  3106  3110  OUTBOUND-CREDIT                39         4.965        465.930     17.610         -80.10           0.00
  TUN  6050  3106  INBOUND-TNIC                   12         0.210         17.600      0.410           0.00           0.00
  TYM  3106  0009  OUTBOUND-CREDIT                 4         0.014          0.270      0.000          -0.06           0.00
  URG  3106  7482  OUTBOUND-CREDIT                33         1.807        280.060      7.010         -52.11           0.00
  URG  7482  3106  INBOUND                       670        61.290     10,366.940    243.190         599.80           0.00
  URG  7482  3106  INBOUND-NB                     16         1.494        358.110      6.560           0.00          15.87
  ZAF  3106  6550  OUTBOUND-CREDIT                17         0.297         57.960      1.390         -10.01           0.00
  ZAF  6550  3106  INBOUND                      3373       399.783     33,852.050    854.830       2,471.41           0.00
  ZAF  6550  3106  INBOUND-NB                      2         0.046          5.590      0.160           0.00           0.40
  AUS  3106  5052  OUTBOUND-CREDIT                 3         0.035         11.320      0.270          -0.93           0.00
  AUS  3106  5053  OUTBOUND-CREDIT                 1         0.003          1.020      0.010          -0.06           0.00
  BHR  3106  4263  OUTBOUND-NB                     6         0.076          0.000      0.100           0.00           0.19
  BHR  3106  4263  OUTBOUND-CREDIT               323         7.453        962.280     19.830        -416.74           0.00
  BHR  4263  3106  INBOUND                       628        48.960      5,661.640    139.770         830.08           0.00
  BHR  4263  3106  INBOUND-NB                     26         0.816         65.300      2.360           0.00          10.20
  BMU  3106  3503  OUTBOUND-CREDIT                10         4.947        256.150     10.400        -106.53           0.00
  CHL  3106  7305  OUTBOUND-CREDIT               137         4.353        687.470     13.740        -290.44           0.00
  CHL  7303  3106  INBOUND                       246        52.217      5,001.840    114.510         755.76           0.00
  CRI  7129  3106  INBOUND                        91         4.474        381.890     10.790          17.17           0.00
  DPC  3106  3020  OUTBOUND-CREDIT               109        31.604      1,606.220     34.300        -119.89           0.00
  DPC  3106  3028  OUTBOUND-CREDIT                33         0.360        146.650      2.280          -5.88           0.00
  HKG  3106  4542  OUTBOUND-CREDIT                13         0.124         10.280      0.390          -3.21           0.00
  HKG  3106  4544  OUTBOUND-NB                     2         0.068          0.400      0.010           0.00           0.17
  HKG  4542  3106  INBOUND                      2827       238.109     48,893.870    971.400       2,478.44           0.00
  HKG  4544  3106  INBOUND                         3         0.005          0.070      0.000           0.01           0.00
  HKG  4545  3106  INBOUND                         8         1.385        459.450      9.240          21.61           0.00
  ITT  3106  3103  OUTBOUND                        2         0.008          0.060      0.000           0.01           0.00
  JPN  3106  4401  OUTBOUND-CREDIT               186         7.491        722.100     14.200         -95.98           0.00
  JPN  3106  4408  OUTBOUND-CREDIT                77         3.355      1,711.340     26.530        -132.24           0.00
  JPN  4401  3106  INBOUND                       346        46.779      3,571.790    137.900         272.39           0.00
  JPN  4408  3106  INBOUND                      5341      3211.355     63,427.190  1,293.060       6,643.75           0.00
  JPN  4408  3106  INBOUND-NB                      2         0.070         14.530      0.300           0.00           0.55
  KOR  3106  4501  OUTBOUND-CREDIT                 2         0.040          9.540      0.210          -0.77           0.00
  KOR  4501  3106  INBOUND                      5963       656.526    112,712.680  2,605.010       3,261.54           0.00
  MAN  5156  3106  INBOUND                      1863       167.800     22,817.950    524.620       1,426.73           0.00
  MNR  3106  5152  OUTBOUND-NB                    65         4.994          2.540     23.400           0.00          46.13
  MNR  3106  5152  OUTBOUND-CREDIT               119         8.196         27.810    121.660        -633.05           0.00
  MNR  5152  3106  INBOUND                      4767       742.683     47,450.070  1,029.750       2,879.99           0.00
  MNR  5152  3106  INBOUND-NB                    106        13.036      1,260.250     31.480           0.00          72.34
  MYS  3106  5021  OUTBOUND-CREDIT                 9         0.099         18.150      0.410          -2.31           0.00
  NAN  3106  3620  OUTBOUND-NB                     5         0.000          0.000      0.000           0.00           0.00
  NAN  3106  3620  OUTBOUND-CREDIT                 8         0.001          0.000      0.000           0.00           0.00
  NAN  3620  3106  INBOUND                       207       692.827      6,545.650    161.360       2,468.44           0.00
  NAN  3620  3106  INBOUND-NB                     19         2.096        307.290      6.670           0.00          39.80
  NZL  3106  5301  OUTBOUND-CREDIT                 2         0.016          2.840      0.080          -0.30           0.00
  RCA  3106  3113  OUTBOUND-NB                    48         1.497          4.050      1.460           0.00           3.14
  RCA  3106  3113  OUTBOUND-CREDIT                89         0.222          1.670      0.020          -1.51           0.00
  RCA  3113  3106  INBOUND                        40         1.502         38.260      1.250           4.38           0.00
  SAU  3106  4201  OUTBOUND-CREDIT                16         1.274        230.530      7.550        -115.20           0.00
  SAU  4201  3106  INBOUND                       803        64.471     15,139.640    277.180       2,464.33           0.00
  SAU  4201  3106  INBOUND-NB                      2         0.088         27.940      0.570           0.00           4.45
  SGP  3106  5252  OUTBOUND-CREDIT                 7         0.068         38.470      0.680          -2.82           0.00
  SGP  5252  3106  INBOUND                      5792       866.626     80,326.070  1,854.470       3,401.15           0.00
  SGP  5252  3106  INBOUND-NB                      3         0.095         11.080      0.290           0.00           0.48
  TAI  3106  4877  OUTBOUND-CREDIT                39         1.071        249.690      5.870        -122.00           0.00
  TAI  4877  3106  INBOUND                      1028        91.583     18,514.960    666.550       3,051.96           0.00
  TCI  3106  3763  OUTBOUND-CREDIT                 3         0.000          0.000      0.000           0.00           0.00
  TCI  3763  3106  INBOUND-NB                    222         0.959         17.350      0.280           0.00           1.45
  THA  5201  3106  INBOUND                      4136       559.636     80,978.750  1,865.400       7,597.40           0.00
  THA  5201  3106  INBOUND-NB                     21         1.149        165.880      3.250           0.00          15.56
  TLX  3106  4873  OUTBOUND-CREDIT                28         3.723        402.410      7.640        -214.59           0.00
  TNT  3106  3110  OUTBOUND-CREDIT                25         2.938        298.610     12.680         -49.87           0.00
  TNT  3106  3110  OUTBOUND-CREDIT-TNIC            1         0.022          0.090      0.000          -0.14           0.00
  TYM  3106  0009  OUTBOUND-CREDIT                 2         0.015          0.180      0.000           0.00           0.00
  UAE  4243  3106  INBOUND                        14         3.116        295.530      7.030          20.31           0.00
  WUI  3104  3106  INBOUND                       949       251.505     20,810.570    338.680       1,252.14           0.00
  ZAF  3106  6550  OUTBOUND-CREDIT-TNIC           52         0.895        117.770      2.950         -22.74           0.00
  ANG  6315  3106  INBOUND                        41         2.855        161.280      6.080          14.52           0.00
  ARG  7222  3106  INBOUND                      4421       783.834    110,124.400  2,320.550       6,208.78           0.00
  ARG  7222  3106  INBOUND-NB                     18         1.571        486.230      7.320           0.00          17.79
  AUS  3106  5052  OUTBOUND-CREDIT                 4         0.150         46.110      0.750          -2.71           0.00
  AUS  5052  3106  INBOUND                       632        65.633      9,938.940    224.860         290.49           0.00
  AUS  5053  3106  INBOUND                       368        61.065      6,528.620    140.770         201.84           0.00
  BHR  3106  4263  OUTBOUND-NB                     5         0.144          1.030      0.120           0.00           0.49
  BHR  3106  4263  OUTBOUND-CREDIT                67         7.663        417.310     10.410        -213.96           0.00
  BHR  4263  3106  INBOUND                      1529       166.795     18,339.620    496.890       2,709.38           0.00
  BHR  4263  3106  INBOUND-NB                    169        56.113      1,852.830     50.070           0.00         371.88
  BHS  3640  3106  INBOUND                      1174       659.140     16,544.930    413.130       2,972.77           0.00
  BHS  3640  3106  INBOUND-NB                   4580        27.110      1,500.150     35.060           0.00         204.23
  BMU  3106  3503  OUTBOUND-CREDIT                24        87.298      2,834.110     54.350      -1,374.02           0.00
  BMU  3503  3106  INBOUND                       170        16.698      2,174.020     62.970         250.79           0.00
  BMU  3503  3106  INBOUND-NB                      2         0.066          1.240      0.030           0.00           0.25
  BRB  3423  3106  INBOUND                         2         0.060          5.060      0.460           0.62           0.00
  CAM  6242  3106  INBOUND                        31         1.785        423.540      7.110          14.46           0.00
  CAM  6242  3106  INBOUND-TNIC                   12         0.470         35.560      2.260           4.44           0.00
  CAY  3463  3106  INBOUND                        44         9.893      2,050.450     33.590         224.83           0.00
  CHD  6222  3106  INBOUND                        17         0.993        173.670      2.970           6.45           0.00
  COL  7322  3106  INBOUND                      1127       206.610     24,844.270    498.680         705.29           0.00
  COL  7322  3106  INBOUND-NB                      3         0.126         12.060      0.330           0.00           0.46
  COL  7322  3106  INBOUND-TNIC                  143        17.108      2,750.090     53.680          70.79           0.00
  CRI  7129  3106  INBOUND                        26         2.446        139.880      4.000           7.25           0.00
  CSC  3106  3137  OUTBOUND-CREDIT                18         1.601        149.790      3.110         -25.78           0.00
  DPC  3106  3028  OUTBOUND-CREDIT               273         1.877        762.340     12.170         -50.56           0.00
  EGY  6020  3106  INBOUND                      1437       292.347     34,642.620    714.010       4,048.95           0.00
  EGY  6020  3106  INBOUND-NB                      1         0.025          5.740      0.120           0.00           0.62
  FTC  3124  3106  INBOUND                       112       773.650     14,530.330    382.890       2,070.38           0.00
  GTM  7044  3106  INBOUND                       250        13.893        934.720     23.250         121.25           0.00
  GTM  7044  3106  INBOUND-NB                     17         1.233        127.520      3.180           0.00          15.21
  HKG  4542  3106  INBOUND                         1         0.011          0.060      0.000           0.02           0.00
  HUN  2161  3106  INBOUND                        39         2.205        304.160      6.830          18.07           0.00
  HUN  2161  3106  INBOUND-TNIC                  336        27.129      4,005.860     80.560         215.38           0.00
  JAM  3106  3380  OUTBOUND-NB                     8         1.296          0.000      0.110           0.00           2.59
  JAM  3106  3380  OUTBOUND-CREDIT                31         0.005          0.000      0.000          -0.03           0.00
  JAM  3380  3106  INBOUND                       866       151.368     12,591.660    315.210       1,561.90           0.00
  JAM  3380  3106  INBOUND-NB                   4529        39.945      4,672.720    114.440           0.00         547.16
  JPN  3106  4401  OUTBOUND-CREDIT               320        16.795      1,676.930     28.580        -200.76           0.00
  JPN  3106  4408  OUTBOUND-CREDIT                21         5.543      4,391.320     66.350        -318.15           0.00
  JPN  4401  3106  INBOUND                        22         4.469        506.850      9.880          21.16           0.00
  JPN  4408  3106  INBOUND                      1086      1459.105     24,765.350    564.690       2,985.05           0.00
  JPN  4408  3106  INBOUND-NB                      1         0.143         41.050      1.620           0.00           2.60
  KOR  3106  4501  OUTBOUND-CREDIT                 3         0.111         29.320      0.710          -7.70           0.00
  MCL  2350  3106  INBOUND                       562       140.301     27,852.050    462.930         500.65           0.00
  MCL  2350  3106  INBOUND-NB                     25         0.198         22.720      1.120           0.00           1.09
  MCL  2351  3106  INBOUND                       720       119.008     14,220.840    438.000       1,541.09           0.00
  MOZ  6435  3106  INBOUND                         1         0.022          2.070      0.070           0.00           0.00
  MYS  3106  5021  OUTBOUND-CREDIT                22         0.280         60.630      1.270          -6.98           0.00
  NAN  3620  3106  INBOUND                       852       661.030      3,842.470     95.570       1,706.30           0.00
  NZL  3106  5301  OUTBOUND-CREDIT                 3         0.360         72.060      1.440          -5.41           0.00
  PAN  3106  7141  OUTBOUND-NB                    58         1.426          0.000      1.050           0.00           2.80
  PAN  3106  7141  OUTBOUND-CREDIT               412        37.364      3,149.580     52.300      -1,165.67           0.00
  PAN  7141  3106  INBOUND                      4034       735.245     42,926.850    908.270       5,740.92           0.00
  PAN  7141  3106  INBOUND-NB                      5         3.356      2,532.350     63.230           0.00         259.84
  PAN  7142  3106  INBOUND                       503       115.810     11,139.390    278.240       1,345.55           0.00
  PHP  5151  3106  INBOUND                       926        80.588      8,313.460    197.520         576.33           0.00
  PHP  5151  3106  INBOUND-TNIC                    1         0.251          6.150      0.240           1.05           0.00
  RCA  3106  3136  OUTBOUND-CREDIT                32         0.793        105.830      2.720         -16.19           0.00
  SEN  6081  3106  INBOUND-TNIC                  104         4.792        849.300     20.320          40.81           0.00
  SGP  3106  5252  OUTBOUND-CREDIT                99        64.424      1,467.710     41.490        -397.20           0.00
  SGP  5252  3106  INBOUND                      5649      3367.003     83,781.880  1,847.310       6,517.68           0.00
  SGP  5252  3106  INBOUND-NB                      1         0.089         36.470      0.610           0.00           0.88
  SMA  2922  3106  INBOUND-TNIC                    4         0.892         98.730      3.100           0.00           0.00
  TAI  3106  4877  OUTBOUND-CREDIT                74         7.364        614.650     13.570        -342.87           0.00
  TCI  3106  3763  OUTBOUND-CREDIT                 2         0.000          0.000      0.000           0.00           0.00
  TCI  3763  3106  INBOUND                         1         0.012          0.400      0.010           0.00           0.00
  TCI  3763  3106  INBOUND-NB                    225         0.933         17.200      0.270           0.00           0.00
  TLX  3106  4873  OUTBOUND-CREDIT                37         2.977        347.990      6.820        -183.39           0.00
  TLX  3106  8010  OUTBOUND                      827        18.095        850.750     20.810          66.77           0.00
  TLX  3106  8020  OUTBOUND                      165         2.366        219.110      4.570          12.61           0.00
  TLX  3106  8030  OUTBOUND                      191         2.271        136.680      3.290           9.45           0.00
  TLX  3106  8231  OUTBOUND                     2562        60.720      2,077.180     87.460         196.09           0.00
  TNT  3106  3110  OUTBOUND-CREDIT                25         1.983        263.150      9.830         -40.32           0.00
  TRT  3106  3119  OUTBOUND                     1109        15.910      5,698.520    153.530         236.90           0.00
  TRT  3106  3119  OUTBOUND-NB                    27         1.939          4.240      1.910           0.00           4.03
  TRT  3106  3119  OUTBOUND-CREDIT               783        54.692      2,144.050    109.620        -559.65           0.00
  TRT  3119  3106  INBOUND                       143        22.026      3,651.160     96.100         175.48           0.00
  TRT  3119  3106  INBOUND-NB                      8         0.474        183.490      3.260           0.00           7.55
  TTO  3106  3740  OUTBOUND-NB                    13         0.010          0.120      0.000           0.00           0.02
  TTO  3106  3740  OUTBOUND-CREDIT               124         4.125        585.820     43.810        -287.63           0.00
  TTO  3740  3106  INBOUND                       474       481.767      2,193.240     68.300       1,100.13           0.00
  TTO  3740  3106  INBOUND-NB                     26         4.082        317.490      7.920           0.00          24.01
  TTO  3745  3106  INBOUND                       368        43.515      3,411.080    135.410         357.85           0.00
  TUN  6050  3106  INBOUND                        29         0.555         50.660      1.190           0.00           0.00
  TYM  3106  0009  OUTBOUND-CREDIT                 3         0.067          0.400      0.000           0.00           0.00
  BMU  3503  3106  INBOUND                       442        33.877      5,992.360    162.930         666.99           0.00
  BMU  3503  3106  INBOUND-NB                     17         2.641         78.260      2.150           0.00          13.11
  BRB  3106  3423  OUTBOUND-NB                    25         0.966         13.360      0.500           0.00           3.26
  BRB  3106  3423  OUTBOUND-CREDIT               185        21.215        525.550     14.430        -284.95           0.00
  BRB  3423  3106  INBOUND                       544      1691.428     11,935.930    288.600       4,576.45           0.00
  BRB  3423  3106  INBOUND-NB                     46        43.005        706.950     17.640           0.00         156.70
  CAY  3106  3463  OUTBOUND-NB                    10         2.404          0.000      0.360           0.00           4.80
  CAY  3106  3463  OUTBOUND-CREDIT                45         0.006          0.000      0.000          -0.03           0.00
  CAY  3463  3106  INBOUND                      1190       125.292     10,935.380    272.820       1,344.12           0.00
  CAY  3463  3106  INBOUND-NB                   1062      1879.551      7,562.190    188.570           0.00       4,515.32
  COL  7322  3106  INBOUND-TNIC                   57         6.033      1,486.930     26.780          64.64           0.00
  JPN  4401  3106  INBOUND                       308        59.431      3,342.540    137.650         290.69           0.00
  JPN  4408  3106  INBOUND                      1633       202.681     18,187.620    411.900         906.43           0.00
  MCL  2350  3106  INBOUND                        33         1.057        107.230      2.560           3.00           0.00
  MCL  2351  3106  INBOUND                       170        31.815     25,333.830     74.900       2,565.19           0.00
  SGP  3106  5252  OUTBOUND-CREDIT                96        10.014      2,197.020     43.180        -199.47           0.00
  TCI  3106  3763  OUTBOUND-NB                     2         0.003          0.000      0.040           0.00           0.00
  TCI  3106  3763  OUTBOUND-CREDIT                 1         0.000          0.000      0.000           0.00           0.00
  TCI  3763  3106  INBOUND                         1         0.100          0.760      0.010           0.11           0.00
  TCI  3763  3106  INBOUND-NB                    610         2.493         43.240      0.680           0.00           3.69
  TRT  3106  3119  OUTBOUND                      126        10.369        689.750     31.050          45.56           0.00
  TRT  3119  3106  INBOUND                         1         0.002          0.200      0.000           0.01           0.00
  TYM  0009  3106  INBOUND                         7         0.373          3.270      0.210           0.00           0.00
  BT NORTH AMERICA                                                                                               PAGE    1
  TYMNET                                                                                                         PAGE    1
  AUS  5052  3106  INBOUND                        75         6.666        692.110     17.060          23.72           0.00
  AUS  5053  3106  INBOUND                        53         4.575        793.070     17.020          21.60           0.00
  BHR  4263  3106  INBOUND                        66         4.541        824.320     16.870         114.39           0.00
  BMU  3503  3106  INBOUND                         1         0.005          0.300      0.070           0.12           0.00
  BRB  3423  3106  INBOUND                         2         2.025        150.500      3.430          21.99           0.00
  CHL  7302  3106  INBOUND                      1450       150.889     15,904.040    431.820       1,165.43           0.00
  CHL  7303  3106  INBOUND                       140        23.039      2,508.950     46.010         138.10           0.00
  CHL  7305  3106  INBOUND                       609       107.900      7,254.250    167.220         550.24           0.00
  DMR  3701  3106  INBOUND                      1250       131.778      6,612.320    168.810       1,073.27           0.00
  HKG  4542  3106  INBOUND                         6         0.613        125.790      2.710           6.81           0.00
  HKG  4546  3106  INBOUND                         1         0.075          0.940      0.030           0.23           0.00
  ISR  4251  3106  INBOUND                      2467       301.039     32,937.800    769.100       2,108.06           0.00
  JPN  4400  3106  INBOUND                       535        53.409     13,327.830  1,111.440       3,547.95           0.00
  MEX  3340  3106  INBOUND-NB                      4         0.031          8.090      0.300           0.00           0.33
  MYS  5021  3106  INBOUND                       583       125.197     11,832.050    259.700         577.34           0.00
  MYS  5021  3106  INBOUND-NB                      3         0.080         17.970      0.420           0.00           0.75
  NZL  5301  3106  INBOUND-TNIC                    1         0.002          0.270      0.000           0.00           0.00
  PAN  7142  3106  INBOUND                       163       128.134     16,756.470    340.570         937.41           0.00
  THA  5201  3106  INBOUND                         8         0.653        131.610      2.560          11.83           0.00
  TNT  3106  3110  OUTBOUND-NB                     1         0.006          0.390      0.050           0.00           0.02
  TNT  3106  3110  OUTBOUND-CREDIT               850        48.872      4,812.700    108.010        -812.95           0.00
  TNT  3110  3106  INBOUND                      2656       379.020     49,830.540  1,199.290       2,551.80           0.00
  TNT  3110  3106  INBOUND-NB                      3         0.423        165.850      2.890           0.00           6.81
  TUR  2862  3106  INBOUND                       224        17.969      2,122.800     51.170         138.28           0.00
  VEN  7340  3106  INBOUND                        14         1.928         77.310      2.110           4.04           0.00
  VEN  7342  3106  INBOUND                         7         2.291        216.160      6.410           8.70           0.00
  C&W-HONG KONG                                                                                                  PAGE    1
  C&W-HONG KONG                                                                                                  PAGE    1
  AUS  3106  5052  OUTBOUND-CREDIT                 6         0.063         32.170      0.520          -1.77           0.00
  BHR  3106  4263  OUTBOUND-CREDIT               246         4.975      1,104.400     18.340        -451.46           0.00
  BHR  4263  3106  INBOUND                        27         0.894        131.490      3.380          18.67           0.00
  BHR  4263  3106  INBOUND-TNIC                    2         0.060          0.310      0.020           0.18           0.00
  CHN  3106  4602  OUTBOUND-CREDIT                 4         0.066          0.270      0.000           0.00           0.00
  CHN  3106  4602  OUTBOUND-CREDIT-TNIC         1055        46.388      2,780.320     56.320           0.00           0.00
  CYP  2802  3106  INBOUND                       213         8.998        512.880     24.230           0.00           0.00
  CYP  2802  3106  INBOUND-TNIC                    4         0.043          3.390      0.100           0.00           0.00
  DPC  3106  3028  OUTBOUND-CREDIT                46         0.198         48.340      0.830          -2.09           0.00
  HKG  3106  4542  OUTBOUND-CREDIT                 2         0.048         23.150      0.350          -2.44           0.00
  IDN  3106  5101  OUTBOUND-CREDIT               133         2.494          7.540      0.130         -15.76           0.00
  IDN  3106  5101  OUTBOUND-CREDIT-TNIC         4029       173.935      7,369.630    190.230      -2,185.01           0.00
  IRL  2724  3106  INBOUND                        13         0.911         78.420      2.410           3.32           0.00
  IRL  2724  3106  INBOUND-TNIC                   32         1.544        419.820     12.700          14.25           0.00
  IRL  3106  2724  OUTBOUND-CREDIT                 7         0.072          0.280      0.000          -0.23           0.00
  IRL  3106  2724  OUTBOUND-CREDIT-TNIC          487       317.456     13,556.300    325.160      -1,927.85           0.00
  ISR  3106  4251  OUTBOUND-CREDIT                35         0.179          2.170      0.030          -1.28           0.00
  ISR  3106  4251  OUTBOUND-CREDIT-TNIC         3864        35.471      8,150.360    142.860      -1,069.99           0.00
  ISR  4251  3106  INBOUND                       365        58.565      4,837.740    135.480         388.10           0.00
  ISR  4251  3106  INBOUND-TNIC                 4578       284.279     56,652.450  1,411.990       3,392.54           0.00
  JPN  3106  4401  OUTBOUND-CREDIT               136         6.503        880.400     15.950         -99.37           0.00
  JPN  3106  4401  OUTBOUND-CREDIT-TNIC           53        42.235      7,453.550    158.100        -886.52           0.00
  JPN  3106  4408  OUTBOUND-CREDIT                81         1.261        328.370      6.040         -32.34           0.00
  JPN  3106  4408  OUTBOUND-CREDIT-TNIC            2         0.278         37.630      0.640          -4.06           0.00
  JPN  3106  4411  OUTBOUND-CREDIT-TNIC           50        19.301      2,308.650     47.570        -295.92           0.00
  JPN  4411  3106  INBOUND                        74         6.398      1,618.790     44.530          75.12           0.00
  JPN  4411  3106  INBOUND-TNIC                 2081       220.503     29,765.570    671.820       1,316.08           0.00
  KEN  6390  3106  INBOUND                        13         0.104          0.850      0.010           0.19           0.00
  KEN  6390  3106  INBOUND-NB                      1         0.030          4.340      0.160           0.00           0.31
  KEN  6390  3106  INBOUND-TNIC                  531        23.924      4,837.180     95.640         194.28           0.00
  KOR  3106  4501  OUTBOUND-CREDIT                 1         1.513      1,022.710     20.070         -53.74           0.00
  MCL  2352  3106  INBOUND                         4         0.103          0.270      0.000           0.13           0.00
  MCL  3106  2350  OUTBOUND-CREDIT-TNIC          476         8.116      4,092.940     75.330        -207.76           0.00
  MCL  3106  2351  OUTBOUND-CREDIT-TNIC          148        83.402      4,089.550    121.180      -1,477.07           0.00
  MCL  3106  2352  OUTBOUND-CREDIT                 8         0.190          0.450      0.000          -0.70           0.00
  MCL  3106  2352  OUTBOUND-CREDIT-TNIC           73        18.242        309.560     14.650        -147.59           0.00
  MEX  3106  3340  OUTBOUND-NB                     2         0.026          0.280      0.030           0.00           0.06
  MYS  3106  5021  OUTBOUND-CREDIT                12         0.097         13.720      0.360          -2.07           0.00
  PHP  3106  5151  OUTBOUND-CREDIT-TNIC          453        21.478     12,934.790    207.740      -1,391.40           0.00
  SAU  4201  3106  INBOUND                        98        39.031      8,321.770    165.210       1,365.35           0.00
  SAU  4201  3106  INBOUND-NB                      5         0.746        100.740      1.940           0.00          17.34
  SAU  4201  3106  INBOUND-TNIC                 1357        94.213     26,994.110    466.540       4,331.72           0.00
  SGP  3106  5252  OUTBOUND-CREDIT                47         2.073         84.550      3.140         -19.56           0.00
  SGP  3106  5252  OUTBOUND-CREDIT-TNIC         6601       315.372    105,188.930  1,687.530      -7,510.66           0.00
  TAI  3106  4877  OUTBOUND-CREDIT                 4         0.069         13.430      0.320          -6.66           0.00
  TLX  3106  4873  OUTBOUND-CREDIT                22         0.751         94.160      2.000          -9.29           0.00
  TNT  3106  3110  OUTBOUND-CREDIT-TNIC            1         0.011          0.100      0.000          -0.03           0.00
  TYM  3106  0009  OUTBOUND-CREDIT                 1         0.001          0.000      0.000           0.00           0.00
  UAE  3106  4243  OUTBOUND-CREDIT                 1         0.008          0.050      0.000          -0.07           0.00
  UAE  3106  4243  OUTBOUND-CREDIT-TNIC          137         0.846        191.670      3.550         -91.33           0.00
  UAE  4243  3106  INBOUND                      1782      1488.470     24,885.880    555.970       6,709.78           0.00
  UAE  4243  3106  INBOUND-TNIC                 1369       327.437     20,036.160    409.400       3,660.26           0.00
  ZAF  3106  6550  OUTBOUND-CREDIT                 4         0.066          0.220      0.000          -0.41           0.00
  ZAF  3106  6550  OUTBOUND-CREDIT-TNIC          355        56.660     31,891.630    512.230      -3,362.16           0.00
  ZAF  6550  3106  INBOUND                         4         0.607        117.320      3.140           7.38           0.00
  ZAF  6550  3106  INBOUND-TNIC                    8         1.630         99.130      3.620          10.34           0.00
  ZIM  6482  3106  INBOUND                         1         0.013          0.060      0.000           0.00           0.00
  ZIM  6482  3106  INBOUND-TNIC                   64         5.217        531.080      9.020           0.00           0.00
  DATA MANAGEMENT CO                                                                                             PAGE    1
  JAMAICA                                                                                                        PAGE    1
  TRINIDAD                                                                                                       PAGE    1
  BARBADOS                                                                                                       PAGE    1
  CAYMAN ISLANDS                                                                                                 PAGE    1
  PHILIPPINES GLOBAL COMM. INC.                                                                                  PAGE    1
  PHILIPPINES                                                                                                    PAGE    1
  COSTA RICA                                                                                                     PAGE    1
  COSTA RICA                                                                                                     PAGE    1
    C@D