  ARG  3106  7222  OUTBOUND-CREDIT                40        52.833      2,275.520     44.760        -585.61           0.00
  ARG  3106  7222  OUTBOUND-CREDIT-TNIC            1         0.221          1.100      0.030          -1.54           0.00
  ARG  7222  3106  INBOUND                       881        88.061      7,918.180    209.180         594.50           0.00
  AUS  3106  5053  OUTBOUND                        9         3.247        101.960      2.170           5.41           0.00
  AUS  5052  3106  INBOUND                      1865       133.806     25,479.120    551.100         684.91           0.00
  AUS  5053  3106  INBOUND                       764        88.063     20,561.030    410.800         498.87           0.00
  AUS  5053  3106  INBOUND-NB                      1         0.003          1.030      0.050           0.00           0.05
  AUS  5057  3106  INBOUND                        21         1.383        140.500      4.450           5.83           0.00
  BHR  3106  4263  OUTBOUND-NB                    26         3.226        534.770      9.120           0.00          74.91
  BHR  3106  4263  OUTBOUND-CREDIT                63         2.718      1,250.550     30.130        -489.34           0.00
  BHR  4263  3106  INBOUND                      3066       305.106     30,634.860    887.900       4,592.00           0.00
  BHR  4263  3106  INBOUND-NB                     79         4.148        413.650     15.380           0.00          62.07
  CHL  3106  7303  OUTBOUND-CREDIT                56         6.073        274.330      4.990         -66.43           0.00
  CHL  3106  7305  OUTBOUND                      106        65.736      7,267.300    254.550         640.57           0.00
  CHL  7303  3106  INBOUND                        71         4.211        436.580     11.170          30.76           0.00
  CHN  4602  3106  INBOUND                        24         7.810        445.200     10.300          90.21           0.00
  CHN  4602  3106  INBOUND-TNIC                   11         0.295         28.780      1.560           5.20           0.00
  COL  3106  7322  OUTBOUND                        8         0.409        120.980      2.430           2.84           0.00
  COL  3106  7322  OUTBOUND-CREDIT               867       683.077     45,656.170    779.200      -4,386.85           0.00
  COL  7322  3106  INBOUND                      1217       252.113     35,787.850    704.110         956.23           0.00
  COL  7322  3106  INBOUND-NB                      3         0.115         33.940      0.600           0.00           0.72
  COL  7322  3106  INBOUND-TNIC                    2         0.127         13.350      0.280           0.41           0.00
  CPS  3106  3132  OUTBOUND-NB                     1         0.003          0.000      0.000           0.00           0.00
  CRI  3106  7122  OUTBOUND-CREDIT                 7        38.415        763.050     13.910        -176.62           0.00
  CSC  3106  3137  OUTBOUND                       92         1.687         13.070      0.320           3.84           0.00
  HKG  3106  4545  OUTBOUND-CREDIT                 2         0.018          0.230      0.000          -0.14           0.00
  IND  4042  3106  INBOUND                      4332       874.456    132,160.010  3,271.050       4,145.50           0.00
  IND  4042  3106  INBOUND-NB                     35         1.212        255.540      5.500           0.00           6.71
  IND  4043  3106  INBOUND                       587       127.364      7,589.010    161.900         289.26           0.00
  IND  4043  3106  INBOUND-NB                      7         0.257         62.000      1.310           0.00           1.57
  IRL  2724  3106  INBOUND                      2332       220.154     33,952.040    680.380         900.53           0.00
  IRL  2724  3106  INBOUND-NB                      7         0.384         92.560      1.700           0.00           2.09
  IRL  3106  2724  OUTBOUND                      157        12.746      4,682.870     75.230          87.98           0.00
  IRL  3106  2724  OUTBOUND-CREDIT               195        11.266      2,730.710     44.220        -166.47           0.00
  ISR  4251  3106  INBOUND                         1         0.000          0.000      0.000           0.00           0.00
  JPN  3106  4401  OUTBOUND                       42        30.411      1,524.040     32.230          92.39           0.00
  JPN  3106  4401  OUTBOUND-CREDIT               187        20.226      2,809.420     51.980        -319.52           0.00
  JPN  3106  4408  OUTBOUND                      136        23.090      7,430.120    156.870         265.43           0.00
  JPN  3106  4408  OUTBOUND-CREDIT               168        52.729      6,308.230    112.240        -730.00           0.00
  JPN  4410  3106  INBOUND                       101        45.165      6,572.720    113.980         234.73           0.00
  JPN  4410  3106  INBOUND-TNIC                    9         2.130        904.810     17.210          28.52           0.00
  KOR  3106  4501  OUTBOUND                        3         2.698         12.080      0.280           2.98           0.00
  KOR  3106  4501  OUTBOUND-CREDIT                 5         2.906         21.210      0.440         -10.05           0.00
  MAN  3106  5156  OUTBOUND-NB                     4         0.001          0.000      0.000           0.00           0.01
  MAN  3106  5156  OUTBOUND-CREDIT                 6         0.000          0.000      0.000           0.00           0.00
  MAN  5156  3106  INBOUND                       378        43.338      5,497.490    137.250         372.00           0.00
  MAN  5156  3106  INBOUND-NB                     35         1.370         85.830      2.120           0.00           7.33
  MCL  2350  3106  INBOUND                         2         0.013          0.130      0.000           0.01           0.00
  MNR  3106  5152  OUTBOUND                      620        36.448      3,645.680    212.790         404.99           0.00
  MNR  5152  3106  INBOUND                      1124        71.476      6,742.820    199.270         439.91           0.00
  MOR  6041  3106  INBOUND                         7         0.675         19.170      0.750           1.60           0.00
  MOR  6049  3106  INBOUND                        63         4.035        457.580     24.360          31.94           0.00
  MYS  3106  5021  OUTBOUND                      244       123.994      2,686.390     45.550         254.32           0.00
  MYS  3106  5021  OUTBOUND-CREDIT               149        54.141      1,230.280     21.720        -341.37           0.00
  MYS  5021  3106  INBOUND                       905       190.209     16,651.270    383.270         860.20           0.00
  NZL  3106  5301  OUTBOUND                       46        96.362      8,299.040    181.420         277.78           0.00
  NZL  5301  3106  INBOUND-TNIC                    2         0.006          5.870      0.090           0.10           0.00
  PAK  4100  3106  INBOUND                       644       353.542     36,188.970    759.610       1,113.16           0.00
  PER  3106  7160  OUTBOUND-CREDIT               148       560.712     50,319.490    934.280     -23,075.14           0.00
  PER  7160  3106  INBOUND                      1556       296.393     52,364.000    951.800       7,286.42           0.00
  PHP  3106  5151  OUTBOUND-NB                     1         0.012          0.200      0.010           0.00           0.04
  RCA  3106  3113  OUTBOUND                      856         1.779         78.400      0.850           6.36           0.00
  RCA  3106  3136  OUTBOUND-NB                     1         0.005          0.140      0.000           0.00           0.01
  RCA  3106  3136  OUTBOUND-CREDIT                30         3.683        453.630      7.880         -71.09           0.00
  SAU  3106  4201  OUTBOUND                      415        64.900      4,650.130     88.560         892.21           0.00
  SEN  6081  3106  INBOUND-TNIC                   31         2.275        705.130     16.050          29.79           0.00
  TAI  3106  4877  OUTBOUND                       88         2.590        330.360     10.210          25.22           0.00
  TAI  3106  4877  OUTBOUND-CREDIT                43         1.466        192.020      6.260         -45.70           0.00
  TAI  4877  3106  INBOUND                       102         3.891        894.040     27.070          61.00           0.00
  THA  3106  5201  OUTBOUND-CREDIT               637       183.744      7,207.010    134.740      -2,832.10           0.00
  TLX  3106  4873  OUTBOUND-CREDIT                14         1.026        656.580     10.970         -70.95           0.00
  TNT  3106  3110  OUTBOUND                       15         1.625        304.220     10.010          14.20           0.00
  TNT  3106  3110  OUTBOUND-CREDIT                12         0.052          1.040      0.010          -0.42           0.00
  TNT  3106  3126  OUTBOUND-NB                     4         0.092          1.110      0.030           0.00           0.22
  TNT  3106  3126  OUTBOUND-CREDIT                30         0.630        147.390      4.500         -19.70           0.00
  TNT  3110  3106  INBOUND                         5         0.025          0.080      0.000           0.05           0.00
  TUN  6050  3106  INBOUND                         1         0.010          0.060      0.000           0.00           0.00
  TUN  6050  3106  INBOUND-TNIC                   23         1.505        214.300      3.830           0.00           0.00
  TUR  2863  3106  INBOUND                      3094       634.860     41,309.150    943.960       1,310.28           0.00
  TUR  2863  3106  INBOUND-NB                      3         0.105         27.920      0.560           0.00           0.55
  TUR  3106  2863  OUTBOUND-CREDIT               438         8.795      2,136.080     33.380        -105.00           0.00
  TUR  3106  2863  OUTBOUND-CREDIT-TNIC           73         1.316        350.640      5.530         -17.05           0.00
  TYM  3106  0009  OUTBOUND-NB                     4         0.064          0.980      0.030           0.00           0.00
  URG  7482  3106  INBOUND                       119         4.030        881.910     22.420          48.94           0.00
  WAG  3106  3149  OUTBOUND-CREDIT               174         3.514      1,886.390     30.450        -224.80           0.00
  WAG  3149  3106  INBOUND                         6         0.136          0.390      0.000           0.28           0.00
  WUI  3104  3106  INBOUND                      6796       875.520     46,544.770    866.160       3,426.31           0.00
  WUI  3104  3106  INBOUND-NB                    731       124.696      3,737.430     92.970           0.00         383.90
  WUI  3104  3106  INBOUND-TNIC                   17         2.001        794.720     12.620          32.61           0.00
  WUI  3106  3104  OUTBOUND                     5452      3109.936    224,950.140  6,263.100      14,317.81           0.00
  WUI  3106  3104  OUTBOUND-NB                   122       160.812         73.330      4.880           0.00         324.26
  WUI  3106  3104  OUTBOUND-CREDIT             19191      1745.114    191,232.910  3,638.080     -31,122.47           0.00
  AME  3106  3143  OUTBOUND-CREDIT                34         4.478         27.080      0.760          -9.43           0.00
  ARG  3106  7222  OUTBOUND-NB                     2         0.002          0.000      0.030           0.00           0.00
  ARG  3106  7222  OUTBOUND-CREDIT                 2         0.000          0.000      0.000           0.00           0.00
  ARG  7220  3106  INBOUND                       492       101.071      6,517.870    136.200       1,067.39           0.00
  ARG  7222  3106  INBOUND                       114        28.319      1,606.940     40.120         271.66           0.00
  ARG  7222  3106  INBOUND-NB                      2         0.123          1.090      0.020           0.00           0.44
  ATG  3106  3443  OUTBOUND-NB                     6         0.290          0.000      0.250           0.00           0.58
  ATG  3106  3443  OUTBOUND-CREDIT                11         0.208          0.000      8.890          -1.24           0.00
  ATG  3443  3106  INBOUND                       575        25.368      4,219.120    104.510         388.24           0.00
  ATG  3443  3106  INBOUND-NB                     10         4.661          1.840      0.040           0.00           9.47
  ATT  3106  3134  OUTBOUND                        1         0.125          9.460      0.170           0.18           0.00
  ATT  3106  3134  OUTBOUND-CREDIT              1037        50.735      5,059.540     98.490        -268.55           0.00
  ATT  3134  3106  INBOUND                      2376       401.391     15,722.770    305.000         423.72           0.00
  ATT  3134  3106  INBOUND-NB                      9         0.349         86.710      1.490           0.00           1.10
  AUS  5052  3106  INBOUND                       394        33.821      6,829.800    141.870         175.70           0.00
  AUS  5053  3106  INBOUND                       154        19.230      6,123.810    121.320         140.55           0.00
  AUS  5057  3106  INBOUND                         2         0.348         32.100      0.730           1.08           0.00
  AUS  5057  3106  INBOUND-NB                      1         0.163         20.600      0.410           0.00           0.57
  BHR  3106  4263  OUTBOUND-NB                     5         1.932         53.710      1.810           0.00          11.54
  BHR  3106  4263  OUTBOUND-CREDIT                46         4.045        291.070      9.300        -139.49           0.00
  BHR  4263  3106  INBOUND                      5365       526.476     55,343.910  1,559.850       8,233.97           0.00
  BHR  4263  3106  INBOUND-NB                    116         8.970        721.960     25.220           0.00         112.66
  BLZ  7020  3106  INBOUND                        64         2.898        491.310     10.960          15.59           0.00
  BLZ  7020  3106  INBOUND-NB                      2         0.159         44.790      0.780           0.00           1.05
  BMU  3106  3503  OUTBOUND-CREDIT                 1         0.000          0.070      0.000          -0.02           0.00
  BRA  3106  7241  OUTBOUND-CREDIT                34        69.251        894.940     18.580        -854.99           0.00
  BRA  7240  3106  INBOUND                        61         6.598        909.770     22.740         130.21           0.00
  BRA  7241  3106  INBOUND                        40        10.636      1,205.910     22.090         177.32           0.00
  BRA  7249  3106  INBOUND                       131        15.412      2,071.200     49.240         297.42           0.00
  BVI  3483  3106  INBOUND                        23         6.423        730.920     17.290          98.28           0.00
  BVI  3483  3106  INBOUND-NB                    367         1.554         32.230      0.680           0.00           7.49
  CHN  4602  3106  INBOUND                      1872       191.223     20,734.730    430.120       3,683.83           0.00
  COL  7322  3106  INBOUND                      1165       208.987     15,025.370    326.010       1,053.90           0.00
  COL  7322  3106  INBOUND-NB                      6         0.419         38.740      0.910           0.00           2.63
  DMR  3106  3700  OUTBOUND-CREDIT                 2         0.000          0.000      0.000           0.00           0.00
  DMR  3106  3701  OUTBOUND-CREDIT                71         6.745      7,574.190    120.550      -2,606.88           0.00
  DMR  3700  3106  INBOUND                        41         1.505        141.370      3.510          19.66           0.00
  DMR  3701  3106  INBOUND                       318        31.922     13,475.370    217.630       1,595.77           0.00
  DOM  3101  3106  INBOUND                      1375        38.519      1,960.190     51.620         147.54           0.00
  DOM  3106  3101  OUTBOUND-NB                     2         0.058          0.850      0.060           0.00           0.14
  DOM  3106  3101  OUTBOUND-CREDIT                17         0.243          7.990      0.290          -2.32           0.00
  DPC  3025  3106  INBOUND                         3         0.183         11.130      0.570           0.25           0.00
  DPC  3028  3106  INBOUND                       220         2.847        664.190     14.250           9.69           0.00
  GAB  6282  3106  INBOUND-TNIC                    2         0.062         33.840      0.350           0.83           0.00
  GTM  7042  3106  INBOUND                       221        11.538      2,707.850     51.000         293.86           0.00
  HKG  3106  4545  OUTBOUND-CREDIT                 1         0.019          0.150      0.000          -0.17           0.00
  HKG  4542  3106  INBOUND                      1569       154.231     33,149.700    628.960       1,604.90           0.00
  HKG  4546  3106  INBOUND                        10         1.905        189.920      6.620          17.54           0.00
  IDN  3106  5101  OUTBOUND-CREDIT               113         8.065        485.250      8.160         -97.36           0.00
  IDN  5101  3106  INBOUND                      2918       363.244     36,297.520  1,062.120       2,850.72           0.00
  IDN  5101  3106  INBOUND-NB                     31         2.393        278.680      9.730           0.00          24.25
  IRL  3106  2724  OUTBOUND-CREDIT               111         7.208      3,931.460     61.670        -206.64           0.00
  ISR  4251  3106  INBOUND                       741        80.022     11,068.490    234.960         629.97           0.00
  ITT  3103  3106  INBOUND                        12         0.264         14.280      0.740           1.04           0.00
  ITT  3106  3103  OUTBOUND                       15         0.136          1.250      0.010           0.31           0.00
  ITT  3106  3103  OUTBOUND-CREDIT                34         0.233          6.070      0.620          -2.05           0.00
  ITT  3106  3107 OUND-NB                    15         3.287          0.000      0.720           0.00           6.57
  ITT  3106  3107  OUTBOUND-CREDIT                39         1.647          0.000    100.220          -9.88           0.00
  JAM  3380  3106  INBOUND                      9252       906.466     75,874.100  1,688.530       2,918.97           0.00
  JPN  3106  4401  OUTBOUND-CREDIT               187        54.601      3,183.520     55.720        -488.19           0.00
  JPN  3106  4408  OUTBOUND-CREDIT                86        33.741      3,080.670     57.050        -401.78           0.00
  JPN  4401  3106  INBOUND                       109         7.610        567.060     11.940          28.83           0.00
  JPN  4403  3106  INBOUND                       139         4.879        369.950     12.520          25.65           0.00
  JPN  4408  3106  INBOUND                      2121       221.170     23,175.510    479.720       1,033.71           0.00
  JPN  4408  3106  INBOUND-NB                      1         0.139         38.470      0.650           0.00           1.17
  KOR  3106  4501  OUTBOUND-CREDIT                 1         0.038          9.890      0.170          -2.60           0.00
  KOR  4500  3106  INBOUND                       854        50.171      6,466.820    129.510         617.65           0.00
  KOR  4500  3106  INBOUND-NB                      2         0.011          3.140      0.120           0.00           0.27
  KOR  4501  3106  INBOUND                       154        19.300      3,584.680     86.590         325.36           0.00
  MNI  3106  5154  OUTBOUND-NB                     9         0.526          2.390      5.570           0.00           1.94
  MNI  3106  5154  OUTBOUND-CREDIT                13         0.127          0.280      7.330          -1.27           0.00
  MNI  3106  5154  OUTBOUND-CREDIT-TNIC            2         0.017          0.320      0.050          -0.30           0.00
  MNI  5154  3106  INBOUND                      3385       429.913     55,547.330  1,339.350       9,621.75           0.00
  MNI  5154  3106  INBOUND-NB                     66        17.416      2,151.090     53.740           0.00         374.91
  MYS  3106  5021  OUTBOUND-CREDIT                73         8.702        844.870     14.070        -102.51           0.00
  NAN  3620  3106  INBOUND-NB                      2         0.254         13.920      0.350           0.00           1.90
  NYX  3106  3144  OUTBOUND-CREDIT               158         3.594         68.450      1.960         -28.94           0.00
  NZL  5301  3106  INBOUND                      1964       277.430     30,650.820    752.980       1,030.41           0.00
  PAR  3106  7447  OUTBOUND-NB                     1         0.002          0.000      0.030           0.00           0.03
  PAR  3106  7447  OUTBOUND-CREDIT                 1         0.000          0.000      0.000           0.00           0.00
  PAR  7447  3106  INBOUND                       219        25.821      6,937.820    154.390         180.22           0.00
  PRI  3106  3300  OUTBOUND-NB                    19         8.288         73.770      1.690           0.00          29.01
  PRI  3106  3300  OUTBOUND-CREDIT                 7         0.009          6.420      0.150          -2.23           0.00
  PRI  3300  3106  INBOUND                        88        13.954      1,887.530     47.230         247.22           0.00
  QAT  4271  3106  INBOUND                        56         5.339        778.230     17.380          46.77           0.00
  RCA  3106  3136  OUTBOUND-CREDIT               466        23.401      9,650.110    146.060      -1,182.58           0.00
  SEN  6081  3106  INBOUND-TNIC                   63         4.069      1,009.050     22.750          53.65           0.00
  SGP  5252  3106  INBOUND                         5         0.034          0.320      0.010           0.05           0.00
  TAI  3106  4877  OUTBOUND-NB                     4        12.150         56.130      2.530           0.00          44.87
  TAI  3106  4877  OUTBOUND-CREDIT                21         0.780        105.920      3.370         -54.68           0.00
  TAI  4877  3106  INBOUND                      1605       164.878     28,689.600    628.100       4,798.03           0.00
  TGL  3026  3106  INBOUND                       244        19.839      2,363.300     75.300         111.47           0.00
  TLX  3106  4872  OUTBOUND-CREDIT                57        11.441      2,397.790     41.800      -1,181.98           0.00
  TLX  3106  4873  OUTBOUND-CREDIT                11         0.385        192.090      3.380         -89.90           0.00
  TLX  4872  3106  INBOUND                      1201       135.729      8,923.230    263.070       1,745.64           0.00
  TLX  4873  3106  INBOUND                      1622       160.356     28,330.670    652.090       4,730.63           0.00
  TLX  4873  3106  INBOUND-NB                      1         0.028          3.850      0.120           0.00           0.66
  TUR  2863  3106  INBOUND-TNIC                    7         4.737        190.490      3.380           6.74           0.00
  URG  7482  3106  INBOUND                       583        65.286     18,424.120    390.970         898.79           0.00
  URG  7482  3106  INBOUND-NB                      3         0.147         20.950      0.520           0.00           1.31
  ZAF  3106  6550  OUTBOUND-CREDIT                81         2.539        328.620     12.440         -88.54           0.00
  ZAF  6550  3106  INBOUND                      3442       385.161     49,256.490  1,204.300       3,131.07           0.00
  ZAF  6550  3106  INBOUND-NB                      1         0.025          3.540      0.110           0.00           0.27
  BHR  3106  4263  OUTBOUND-NB                     2         0.152        319.160      4.460           0.00          40.27
  BHR  3106  4263  OUTBOUND-CREDIT                31         2.207        130.960      3.260         -65.66           0.00
  BHR  4263  3106  INBOUND                        12         0.578        144.910      2.400          19.56           0.00
  BMU  3106  3503  OUTBOUND-CREDIT                 4         0.004          0.260      0.000          -0.10           0.00
  CHL  3106  7302  OUTBOUND-CREDIT               239         3.113        648.000     12.010        -266.34           0.00
  CHL  7303  3106  INBOUND                        59         5.667      1,011.630     26.620         140.62           0.00
  CHL  7305  3106  INBOUND                         6         0.565         72.480      1.440          10.47           0.00
  CRI  7122  3106  INBOUND                         1         0.067         12.000      0.250           0.36           0.00
  CRI  7129  3106  INBOUND                        70         3.481        331.680      8.130          13.06           0.00
  DPC  3106  3020  OUTBOUND-NB                     1         0.038          0.070      0.000           0.00           0.02
  DPC  3106  3020  OUTBOUND-CREDIT               154        29.277      2,122.280     51.010        -133.42           0.00
  DPC  3106  3025  OUTBOUND-CREDIT                 1         0.011          0.110      0.000          -0.02           0.00
  HKG  3106  4542  OUTBOUND-CREDIT                26         0.306         47.920      1.750         -12.56           0.00
  HKG  3106  4545  OUTBOUND-CREDIT                 1         0.020          0.170      0.000          -0.17           0.00
  HKG  4542  3106  INBOUND                      1374       160.480     24,030.550    490.660       1,342.35           0.00
  HKG  4544  3106  INBOUND                         3         0.012          0.010      0.000           0.02           0.00
  HKG  4545  3106  INBOUND                        16         7.739      1,918.960     47.280         111.97           0.00
  IDN  5101  3106  INBOUND                        19         1.934        144.710      5.280          14.42           0.00
  IDN  5101  3106  INBOUND-TNIC                   21         2.095        260.870      6.690          17.57           0.00
  IND  4042  3106  INBOUND                         1         0.012          0.060      0.000           0.01           0.00
  IND  4042  3106  INBOUND-TNIC                    6         4.482      1,899.660     37.610          42.09           0.00
  IND  4043  3106  INBOUND-TNIC                    4         1.335         68.890      1.180           2.52           0.00
  IRL  3106  2724  OUTBOUND-CREDIT               110         5.620        770.440     13.170         -56.37           0.00
  JPN  3106  4401  OUTBOUND-CREDIT               189        22.002      1,901.870     34.890        -251.76           0.00
  JPN  3106  4408  OUTBOUND-CREDIT                95        24.665      3,806.470     66.030        -401.35           0.00
  JPN  4401  3106  INBOUND                       120         7.063        874.360     29.430          53.83           0.00
  JPN  4408  3106  INBOUND                      4356       493.271     52,278.230  1,152.070       2,426.67           0.00
  JPN  4408  3106  INBOUND-NB                      1         0.017          3.100      0.100           0.00           0.17
  KOR  3106  4501  OUTBOUND-CREDIT                 7         0.708         14.280      0.380          -3.26           0.00
  KOR  4501  3106  INBOUND                       833        94.633     13,423.360    311.730         406.36           0.00
  MAN  5156  3106  INBOUND                      1436       116.885     21,129.890    461.950       1,186.84           0.00
  MNR  3106  5152  OUTBOUND-NB                    47         9.292         30.830     16.550           0.00          42.00
  MNR  3106  5152  OUTBOUND-CREDIT               523        38.910      2,413.520    113.950        -745.18           0.00
  MNR  5152  3106  INBOUND                      4276       569.899     31,068.260    705.010       2,071.54           0.00
  MNR  5152  3106  INBOUND-NB                     46         5.341      1,760.920     43.720           0.00          79.72
  MYS  3106  5021  OUTBOUND-CREDIT                74        55.348      1,075.170     18.080        -330.43           0.00
  NAN  3106  3620  OUTBOUND-NB                     4         0.169          0.000      0.110           0.00           0.42
  NAN  3106  3620  OUTBOUND-CREDIT                 6         0.000          0.000      0.000           0.00           0.00
  NAN  3620  3106  INBOUND                        91        29.361      1,476.430     38.210         239.49           0.00
  NAN  3620  3106  INBOUND-NB                      7         1.845        269.010      4.930           0.00          34.87
  NZL  3106  5301  OUTBOUND-NB                     1         0.045          0.130      0.000           0.00           0.04
  PHP  5151  3106  INBOUND-TNIC                    5         0.075         21.120      0.390           0.96           0.00
  RCA  3106  3113  OUTBOUND-NB                    63         7.435        231.090     46.030           0.00          23.19
  RCA  3106  3113  OUTBOUND-CREDIT                32         0.607          0.240      1.120          -3.67           0.00
  RCA  3113  3106  INBOUND                        75         2.191        233.570      7.320          12.78           0.00
  RCA  3113  3106  INBOUND-NB                      4         0.384         21.460      0.530           0.00           1.54
  SAU  3106  4201  OUTBOUND-CREDIT               423        80.491      6,659.920    129.740      -3,721.38           0.00
  SAU  4201  3106  INBOUND                      1489       157.616     39,563.850    746.130       6,407.39           0.00
  SGP  5252  3106  INBOUND                      2893       562.318     42,942.290  1,094.520       2,070.94           0.00
  SRI  4132  3106  INBOUND                       130         8.785      1,186.160     34.110          53.61           0.00
  SRI  4132  3106  INBOUND-TNIC                  311        21.125      3,742.590     84.220         131.67           0.00
  TAI  3106  4877  OUTBOUND-CREDIT                27         1.155        169.000      5.390         -86.45           0.00
  TAI  4877  3106  INBOUND                       937        74.674     16,524.620    442.360       2,702.69           0.00
  THA  5201  3106  INBOUND                      4389       721.377     91,553.990  1,950.340       8,766.89           0.00
  THA  5201  3106  INBOUND-NB                     12         0.363         34.740      0.940           0.00           3.50
  TLX  3106  4873  OUTBOUND-CREDIT                16         1.054      2,482.110     39.570      -1,126.43           0.00
  TLX  4872  3106  INBOUND                        14         0.257         33.100      0.760           5.73           0.00
  TNT  3106  3110  OUTBOUND-CREDIT                 1         0.011          0.680      0.020          -0.14           0.00
  TYM  3106  0009  OUTBOUND-NB                     1         0.018          0.280      0.010           0.00           0.00
  UAE  4243  3106  INBOUND                        20         5.744        789.210     18.310          48.11           0.00
  ZAF  3106  6550  OUTBOUND-CREDIT                 8         0.005          0.440      0.000          -0.07           0.00
  ANG  6315  3106  INBOUND                        58         6.910        214.350      7.820          23.93           0.00
  AUS  3106  5052  OUTBOUND-CREDIT                 2         1.787        907.650     14.520         -48.94           0.00
  AUS  5052  3106  INBOUND                       577        50.561     10,263.450    208.200         258.76           0.00
  AUS  5053  3106  INBOUND                       224        28.725      2,745.710     57.590          86.31           0.00
  AUS  5057  3106  INBOUND                         4         0.323         57.320      1.380           1.71           0.00
  BHR  3106  4263  OUTBOUND-CREDIT                30         3.001        253.360      6.330        -117.52           0.00
  BHR  4263  3106  INBOUND                      2691       258.210     26,812.200    762.800       3,996.94           0.00
  BHR  4263  3106  INBOUND-NB                     58        10.263        304.470     10.710           0.00          63.71
  BHS  3106  3640  OUTBOUND-CREDIT               149         2.574        424.030      7.800        -142.65           0.00
  BHS  3640  3106  INBOUND                      4779       663.206     15,261.800    377.660       2,852.59           0.00
  BHS  3640  3106  INBOUND-NB                   8208        29.444      1,767.030     39.680           0.00         235.59
  BMU  3106  3503  OUTBOUND-CREDIT                 2         0.000          0.130      0.000          -0.04           0.00
  BRB  3423  3106  INBOUND                       356        30.362      3,456.150     89.690         406.34           0.00
  BUL  2841  3106  INBOUND                        74         2.531        473.110     14.370          14.02           0.00
  BUL  2841  3106  INBOUND-NB                     22         1.622        488.890      8.590           0.00           8.47
  BUL  2841  3106  INBOUND-TNIC                   11         0.351         43.960      0.840           0.99           0.00
  CAM  6242  3106  INBOUND                        23         1.982        582.730      9.820          19.18           0.00
  CAM  6242  3106  INBOUND-TNIC                    2         0.126         12.130      0.650           1.27           0.00
  CAY  3463  3106  INBOUND                        81         8.956      1,129.270     24.020         130.84           0.00
  COL  7322  3106  INBOUND                      2233       384.751     60,796.520  1,184.740       1,569.49           0.00
  COL  7322  3106  INBOUND-NB                      4         0.173         91.580      1.390           0.00           1.57
  CPS  3132  3106  INBOUND                        18         2.634        745.100     12.150          32.09           0.00
  CRI  7122  3106  INBOUND                         2         1.591         91.900      2.380           4.47           0.00
  CRI  7129  3106  INBOUND                        21         0.885         60.690      1.750           2.96           0.00
  CSC  3106  3137  OUTBOUND-CREDIT                19         1.468        202.520      4.140         -30.68           0.00
  CZE  2301  3106  INBOUND                       150         4.915        705.230     23.680          23.73           0.00
  CZE  2301  3106  INBOUND-TNIC                  225        20.625      4,885.430    254.430         228.28           0.00
  DPC  3020  3106  INBOUND                         6         0.059          2.160      0.160           0.26           0.00
  DPC  3106  3028  OUTBOUND-CREDIT               192         0.567        626.070      9.850         -38.44           0.00
  EGY  6020  3106  INBOUND                      1537       171.870     29,351.070    567.710       3,278.84           0.00
  EGY  6020  3106  INBOUND-NB                      2         0.040          4.110      0.170           0.00           0.49
  FTC  3124  3106  INBOUND                        95      1461.927     12,753.500    396.570       3,382.97           0.00
  GNT  3150  3106  INBOUND                        20         1.410        396.280      6.810          17.08           0.00
  GNT  3150  3106  INBOUND-NB                      2         0.050         32.240      0.590           0.00           1.26
  GTM  7042  3106  INBOUND                       508        38.837     11,563.570    204.240       1,234.03           0.00
  GTM  7044  3106  INBOUND                       277        16.786      1,834.070     45.710         216.98           0.00
  GTM  7044  3106  INBOUND-NB                      6         0.549         57.540      1.430           0.00           6.85
  HKG  3106  4545  OUTBOUND-CREDIT                 4         0.025          0.370      0.010          -0.18           0.00
  HND  3106  7080  OUTBOUND-NB                     5         0.068          0.000      0.070           0.00           0.13
  HND  3106  7080  OUTBOUND-CREDIT                10         0.053          0.000      0.460          -0.32           0.00
  HND  7080  3106  INBOUND                        76         4.420        498.020     12.410          58.64           0.00
  HND  7080  3106  INBOUND-NB                      4         0.059          1.980      0.040           0.00           0.31
  HUN  2161  3106  INBOUND                         3         0.023          0.320      0.010           0.07           0.00
  HUN  2161  3106  INBOUND-TNIC                  333        22.263      6,132.030    137.010         318.54           0.00
  IDN  5101  3106  INBOUND                        26         3.532        306.940      8.120          23.30           0.00
  IDN  5101  3106  INBOUND-NB                      1         0.021          3.830      0.080           0.00           0.21
  IDN  5101  3106  INBOUND-TNIC                   68         6.862        823.080     16.510          46.74           0.00
  IND  4042  3106  INBOUND                         3         0.132          6.270      0.420           0.56           0.00
  IND  4042  3106  INBOUND-TNIC                    8         2.860         58.820      1.650           4.51           0.00
  IRL  3106  2724  OUTBOUND-CREDIT               208        12.308      2,429.870     40.620        -158.78           0.00
  JAM  3106  3380  OUTBOUND-NB                    11         0.023          0.000      0.140           0.00           0.04
  JAM  3106  3380  OUTBOUND-CREDIT                19         0.001          0.000      0.000           0.00           0.00
  JAM  3380  3106  INBOUND                      1212       309.337     33,573.860    901.200       3,976.06           0.00
  JAM  3380  3106  INBOUND-NB                   7524        56.824      6,828.930    166.640           0.00         796.54
  JPN  3106  4401  OUTBOUND-CREDIT               339        80.304      4,206.710     74.000        -682.79           0.00
  JPN  3106  4408  OUTBOUND-CREDIT               171        99.279      4,537.310     93.650        -853.72           0.00
  JPN  4401  3106  INBOUND                       182         7.975        716.880     15.730          34.96           0.00
  JPN  4408  3106  INBOUND                      2334       295.782     31,907.610    683.290       1,444.03           0.00
  JPN  4408  3106  INBOUND-NB                      3         0.988        214.920      3.630           0.00           6.81
  KOR  3106  4501  OUTBOUND-NB                     1         0.024          0.190      0.000           0.00           0.06
  KOR  3106  4501  OUTBOUND-CREDIT                 9         3.180         14.270      0.300         -22.50           0.00
  MCL  2350  3106  INBOUND                       390        82.223     14,485.330    248.690         274.64           0.00
  MCL  2351  3106  INBOUND                      1400       271.914     60,222.410  2,164.560       6,294.15           0.00
  MOZ  6435  3106  INBOUND                        36         2.477        744.410     19.150           0.00           0.00
  MYS  3106  5021  OUTBOUND-CREDIT               149        74.533      1,232.780     21.520        -432.27           0.00
  NAN  3620  3106  INBOUND                      1032      2638.242     24,939.800    622.950       7,770.46           0.00
  NAN  3621  3106  INBOUND-TNIC                   27         1.370        119.280      2.990          14.67           0.00
  PAN  3106  7141  OUTBOUND-NB                    18         1.162         12.750      0.880           0.00           3.56
  PAN  3106  7141  OUTBOUND-CREDIT               626        41.510      1,029.310    138.040        -554.06           0.00
  PAN  7141  3106  INBOUND                      5818      1281.432     83,130.210  1,931.070      10,837.16           0.00
  PAN  7141  3106  INBOUND-NB                     12         5.698      3,387.670     84.710           0.00         349.99
  PAN  7142  3106  INBOUND                       336        87.030      6,214.870    155.200         795.54           0.00
  PHP  5151  3106  INBOUND                       434        14.318      5,575.350    123.150         278.51           0.00
  PHP  5151  3106  INBOUND-TNIC                    5         0.253         94.840      1.560           3.69           0.00
  RCA  3106  3136  OUTBOUND-CREDIT               317        17.376      5,198.080     99.330        -665.62           0.00
  SEN  6081  3106  INBOUND-TNIC                   59         3.468        950.500     21.310          40.26           0.00
  SGP  3106  5252  OUTBOUND-CREDIT                43         1.654        244.920      4.090         -21.54           0.00
  SGP  5252  3106  INBOUND                      2912       424.465     47,596.120  1,029.740       1,817.64           0.00
  SRI  4132  3106  INBOUND                       199        10.943      1,022.930     27.990          48.66           0.00
  SRI  4132  3106  INBOUND-NB                      1         0.031          5.120      0.140           0.00           0.22
  SRI  4132  3106  INBOUND-TNIC                  253        18.658      3,519.580     78.540         121.49           0.00
  TAI  3106  4877  OUTBOUND-CREDIT                36         1.294        151.860      4.910         -79.99           0.00
  TLX  3106  4873  OUTBOUND-CREDIT                27         1.455      1,104.030     18.260        -509.91           0.00
  TLX  3106  8010  OUTBOUND                     1314        21.757      2,296.030     45.790         126.10           0.00
  TLX  3106  8020  OUTBOUND                       76         1.160         84.150      1.850           5.34           0.00
  TLX  3106  8030  OUTBOUND                       42         0.845         56.920      1.320           3.73           0.00
  TLX  3106  8231  OUTBOUND                     4055       162.060      3,910.030    243.340         464.68           0.00
  TLX  3106  8231  OUTBOUND-CREDIT                 2         0.001          0.130      0.000          -0.02           0.00
  TLX  4873  3106  INBOUND                         1         0.007          0.930      0.030           0.16           0.00
  TNT  3106  3110  OUTBOUND-NB                     1         0.003          0.040      0.000           0.00           0.00
  TNT  3106  3110  OUTBOUND-CREDIT               180        27.730      2,074.000     91.550        -390.36           0.00
  TRT  3106  3119  OUTBOUND                      848        16.612      4,470.310    116.650         194.10           0.00
  TRT  3106  3119  OUTBOUND-NB                    30        18.908          0.350      3.550           0.00          37.82
  TRT  3106  3119  OUTBOUND-CREDIT              1338       120.751     34,520.560  1,286.450      -4,452.63           0.00
  TRT  3119  3106  INBOUND                       271        45.145     12,011.070    232.980         522.67           0.00
  TRT  3119  3106  INBOUND-NB                     12         0.038          1.990      0.830           0.00           0.14
  TTO  3106  3740  OUTBOUND-NB                     3         0.004          0.000      0.030           0.00           0.07
  TTO  3106  3740  OUTBOUND-CREDIT                97         6.344      1,265.850     90.260        -579.66           0.00
  TTO  3740  3106  INBOUND                       666       489.847      7,318.340    196.350       1,372.40           0.00
  TTO  3740  3106  INBOUND-NB                     27         7.215        987.690     24.060           0.00          62.56
  TTO  3745  3106  INBOUND                       427        51.428      4,165.170    163.850         430.56           0.00
  TUN  6050  3106  INBOUND                        52         2.678        281.730      5.560           0.00           0.00
  BRB  3106  3423  OUTBOUND-NB                    19         0.115         18.370      0.620           0.00           2.06
  BRB  3106  3423  OUTBOUND-CREDIT                64        46.604      1,858.550     47.890        -837.19           0.00
  BRB  3423  3106  INBOUND                       664      1459.091     14,744.730    368.040       4,392.65           0.00
  BRB  3423  3106  INBOUND-NB                     38        16.295      4,948.210    123.680           0.00         527.41
  CAY  3106  3463  OUTBOUND-NB                     8         0.016          0.000      0.130           0.00           0.03
  CAY  3106  3463  OUTBOUND-CREDIT                17         0.001          0.000      0.000           0.00           0.00
  CAY  3463  3106  INBOUND                      1213       131.165     12,340.890    308.050       1,496.42           0.00
  CAY  3463  3106  INBOUND-NB                   1134      1977.193      8,731.160    217.760           0.00       4,827.50
  DUS  3106  3151  OUTBOUND-CREDIT               150       177.979     28,557.860  1,413.290      -2,864.27           0.00
  MOR  6041  3106  INBOUND                        11         0.515         52.020      1.710           2.51           0.00
  MOR  6049  3106  INBOUND                       303        15.463      4,291.840     91.590         120.42           0.00
  SGP  3106  5252  OUTBOUND-CREDIT                50         2.026        541.610     12.400         -54.11           0.00
  TRT  3106  3119  OUTBOUND                       78         3.702        361.700     15.040          20.42           0.00
  BT NORTH AMERICA                                                                                               PAGE    1
  TYMNET                                                                                                         PAGE    1
  AUS  3106  5053  OUTBOUND-CREDIT                 1         0.009          0.710      0.010          -0.06           0.00
  AUS  5052  3106  INBOUND                        71         5.695      1,526.580     27.970          33.66           0.00
  AUS  5053  3106  INBOUND                        32         3.594        336.800      6.310           9.90           0.00
  BHR  4263  3106  INBOUND                        56         5.168        808.390     19.930         113.96           0.00
  BLZ  7020  3106  INBOUND                       104         4.046        728.000     16.300          22.88           0.00
  BLZ  7020  3106  INBOUND-NB                      1         0.021          8.190      0.180           0.00           0.23
  BMU  3503  3106  INBOUND                         2         0.056         13.910      0.320           0.57           0.00
  BRB  3423  3106  INBOUND                        19         0.879         17.460      0.910           4.16           0.00
  CHL  7302  3106  INBOUND                      1911       182.336     25,366.720    615.140       1,594.95           0.00
  CHL  7303  3106  INBOUND                        10         0.507         27.900      1.050           3.11           0.00
  CHL  7305  3106  INBOUND                       331        46.983      3,531.850     87.210         268.38           0.00
  HKG  4542  3106  INBOUND                        28         9.142      2,353.730     45.850         112.27           0.00
  ISR  4251  3106  INBOUND                       727        81.441     14,157.540    303.680         758.65           0.00
  JPN  4400  3106  INBOUND                       409        39.738      9,850.490    818.050       2,613.13           0.00
  JPN  4400  3106  INBOUND-NB                      2         0.472         67.910      1.230           0.00           5.59
  MAN  5156  3106  INBOUND                      1253       166.100     31,030.890    560.560       1,494.80           0.00
  MEX  3340  3106  INBOUND-NB                      2         0.096          3.190      0.110           0.00           0.21
  MYS  5021  3106  INBOUND                       841       161.567     14,404.700    323.430         727.48           0.00
  PAN  7142  3106  INBOUND                        14         0.060          9.690      0.240           0.61           0.00
  TNT  3106  3110  OUTBOUND-NB                    21         0.587          4.870      0.940           0.00           1.35
  TNT  3106  3110  OUTBOUND-CREDIT               997       110.025      6,430.410    157.950      -1,354.56           0.00
  TNT  3110  3106  INBOUND                      5019       634.502     60,719.600  1,322.810       3,454.65           0.00
  VEN  7340  3106  INBOUND                         7         1.014        241.660      5.110           6.13           0.00
  VEN  7341  3106  INBOUND                         9         1.691        623.670     12.300           5.24           0.00
  C&W-HONG KONG                                                                                                  PAGE    1
  C&W-HONG KONG                                                                                                  PAGE    1
  AUS  3106  5052  OUTBOUND-CREDIT-TNIC            5         0.220         23.200      0.680          -2.70           0.00
  BHR  4263  3106  INBOUND                         6         0.356         66.570      1.330           9.21           0.00
  BHR  4263  3106  INBOUND-TNIC                    2         0.071          2.190      0.290           0.45           0.00
  CHD  6222  3106  INBOUND                         4         0.040          0.270      0.000           0.07           0.00
  CHD  6222  3106  INBOUND-TNIC                   58         1.809        336.290      6.120          12.89           0.00
  CHN  3106  4602  OUTBOUND-CREDIT                55         1.329          4.440      0.070           0.00           0.00
  CHN  3106  4602  OUTBOUND-CREDIT-TNIC         3714       238.780     46,141.640    995.220           0.00           0.00
  CYP  2802  3106  INBOUND                       432        26.696     17,042.400    238.870           0.00           0.00
  CYP  2802  3106  INBOUND-TNIC                    6         1.051         29.420      1.090           0.00           0.00
  CYP  3106  2802  OUTBOUND-CREDIT-TNIC          315       187.169     15,962.210    355.730           0.00           0.00
  CZE  2301  3106  INBOUND                       122         3.427        502.620     18.050          17.82           0.00
  CZE  2301  3106  INBOUND-TNIC                  234        16.257      4,262.700    205.180         183.78           0.00
  CZE  3106  2301  OUTBOUND-CREDIT                 1         0.011          0.050      0.000          -0.03           0.00
  CZE  3106  2301  OUTBOUND-CREDIT-TNIC          192        17.854      2,977.450    119.960        -343.14           0.00
  EGY  6020  3106  INBOUND                         6         0.360         98.200      1.930          10.54           0.00
  EGY  6020  3106  INBOUND-TNIC                   13         0.850        212.270      4.250          22.92           0.00
  GAM  3106  6070  OUTBOUND-NB                    10         0.733          0.000      0.180           0.00           1.81
  GAM  3106  6070  OUTBOUND-CREDIT                29         0.221          0.350      7.710         -46.87           0.00
  GAM  6070  3106  INBOUND                       270        20.203      3,365.890     81.820         200.97           0.00
  HKG  4540  3106  INBOUND                        27         7.644      1,614.820     48.850          98.86           0.00
  IDN  3106  5101  OUTBOUND-CREDIT               104         0.324          6.610      0.100          -2.56           0.00
  IDN  3106  5101  OUTBOUND-CREDIT-TNIC         2363       157.554      6,288.590    149.510      -1,842.42           0.00
  IND  3106  4042  OUTBOUND-CREDIT                 4         0.018          0.290      0.000          -0.06           0.00
  IND  3106  4042  OUTBOUND-CREDIT-TNIC           63         2.719      1,109.880     19.470         -66.56           0.00
  IND  3106  4043  OUTBOUND-CREDIT                 2         0.002          0.140      0.000          -0.01           0.00
  IND  3106  4043  OUTBOUND-CREDIT-TNIC            3         0.002          0.220      0.000          -0.01           0.00
  IRL  3106  2724  OUTBOUND-CREDIT                11         0.058          0.690      0.010          -0.20           0.00
  IRL  3106  2724  OUTBOUND-CREDIT-TNIC          666       252.576     18,393.830    431.120      -2,051.11           0.00
  ISR  3106  4251  OUTBOUND-CREDIT              1420        29.370         82.450      1.420        -184.74           0.00
  ISR  3106  4251  OUTBOUND-CREDIT-TNIC         2933        42.812      6,021.880    106.390        -895.21           0.00
  ISR  4251  3106  INBOUND                       837       139.639     18,915.220    371.180       1,021.65           0.00
  ISR  4251  3106  INBOUND-TNIC                12589      1017.042    173,624.260  4,288.630      10,611.35           0.00
  JPN  3106  4401  OUTBOUND-CREDIT               140        15.111      1,407.900     24.100        -173.50           0.00
  JPN  3106  4406  OUTBOUND-CREDIT-TNIC            1         0.013          0.160      0.010          -0.10           0.00
  JPN  3106  4408  OUTBOUND-CREDIT                13        24.895        221.800      9.010        -150.04           0.00
  JPN  3106  4408  OUTBOUND-CREDIT-TNIC           18         3.508        313.630      5.290         -38.97           0.00
  JPN  4411  3106  INBOUND                         1         0.099         21.440      0.850           1.41           0.00
  JPN  4411  3106  INBOUND-TNIC                    3         0.254         20.200      0.440           1.02           0.00
  KEN  6390  3106  INBOUND                       224        15.021      3,751.750     84.120         161.09           0.00
  KEN  6390  3106  INBOUND-TNIC                  594        39.224      7,861.500    147.440         303.31           0.00
  KOR  3106  4501  OUTBOUND-NB                     1         0.092          0.980      0.040           0.00           0.11
  MCL  3106  2350  OUTBOUND-CREDIT                 1         0.025          0.070      0.000          -0.06           0.00
  MCL  3106  2350  OUTBOUND-CREDIT-TNIC          561         8.280      2,511.880     43.120        -127.96           0.00
  MCL  3106  2351  OUTBOUND-CREDIT-TNIC          214        77.641      8,290.660    256.060      -2,720.12           0.00
  MCL  3106  2352  OUTBOUND-CREDIT-TNIC           33         1.504        302.640     13.500         -95.30           0.00
  MOR  6041  3106  INBOUND                        39         4.148        318.880      8.860          14.63           0.00
  MOR  6041  3106  INBOUND-TNIC                    6         0.088          2.600      0.100           0.22           0.00
  MOR  6049  3106  INBOUND                       209         4.598        404.530     13.530          20.38           0.00
  MOR  6049  3106  INBOUND-TNIC                    6         0.076          3.320      0.140           0.24           0.00
  MOZ  6435  3106  INBOUND-TNIC                    1         0.001          0.050      0.000           0.00           0.00
  MYS  3106  5021  OUTBOUND-CREDIT                10         0.195         33.280      0.660          -3.87           0.00
  NZL  3106  5301  OUTBOUND-CREDIT-TNIC            2         0.067          6.730      0.130          -0.61           0.00
  NZL  5301  3106  INBOUND                         4         0.471         48.210      1.010           1.48           0.00
  NZL  5301  3106  INBOUND-TNIC                    5         0.293         21.340      0.760           1.06           0.00
  PAK  3106  4100  OUTBOUND-CREDIT                 1         0.025          0.060      0.000          -0.07           0.00
  PAK  3106  4100  OUTBOUND-CREDIT-TNIC          145         2.253        906.800     15.330         -52.74           0.00
  PHP  3106  5151  OUTBOUND-CREDIT                 2         0.000          0.140      0.000          -0.01           0.00
  PHP  3106  5151  OUTBOUND-CREDIT-TNIC          633        27.075     12,903.330    216.720      -1,483.08           0.00
  SAU  4201  3106  INBOUND                       147        10.042      1,773.930     41.770         296.21           0.00
  SAU  4201  3106  INBOUND-TNIC                 1690       140.155     30,344.740    555.640       4,972.12           0.00
  SGP  3106  5252  OUTBOUND-CREDIT                37         0.100          2.110      0.030          -0.51           0.00
  SGP  3106  5252  OUTBOUND-CREDIT-TNIC         5335       298.240     13,559.230    282.250      -2,176.67           0.00
  TLX  3106  4873  OUTBOUND-CREDIT                13         0.319        235.120      4.000         -14.60           0.00
  TNT  3106  3110  OUTBOUND-CREDIT-TNIC          112        27.079      3,057.040     77.010        -259.19           0.00
  TUR  2863  3106  INBOUND                       123        14.043        981.320     26.940          34.01           0.00
  TUR  2863  3106  INBOUND-TNIC                  270       108.618      4,795.230     87.080         162.41           0.00
  UAE  3106  4243  OUTBOUND-CREDIT                 2         0.033          0.120      0.000          -0.26           0.00
  UAE  3106  4243  OUTBOUND-CREDIT-TNIC          717        23.514      1,521.650     29.770        -825.82           0.00
  UAE  4243  3106  INBOUND                      2452       320.087     62,829.760  1,376.330      10,064.57           0.00
  UAE  4243  3106  INBOUND-NB                      5         0.053         14.850      0.450           0.00           2.33
  UAE  4243  3106  INBOUND-TNIC                 1554       234.994     31,566.070    718.360       5,204.85           0.00
  ZAF  3106  6550  OUTBOUND-CREDIT                 3         0.002          0.210      0.000          -0.03           0.00
  ZAF  3106  6550  OUTBOUND-CREDIT-TNIC          559       139.716     76,067.920  1,270.250      -8,332.88           0.00
  ZAF  6550  3106  INBOUND                        27         2.952        325.640      7.930          21.44           0.00
  ZIM  6484  3106  INBOUND                         3         0.035          0.190      0.000           0.00           0.00
  ZIM  6484  3106  INBOUND-TNIC                  153         7.513        993.210     25.640           0.00           0.00
  DATA MANAGEMENT CO                                                                                             PAGE    1
  JAMAICA                                                                                                        PAGE    1
  TRINIDAD                                                                                                       PAGE    1
  BARBADOS                                                                                                       PAGE    1
  CAYMAN ISLANDS                                                                                                 PAGE    1
  PHILIPPINES GLOBAL COMM. INC.                                                                                  PAGE    1
  PHILIPPINES                                                                                                    PAGE    1
  COSTA RICA                                                                                                     PAGE    1
  COSTA RICA                                                                                                     PAGE    1
    8@